Vader_decimal	Vader_rounded
04	0
0.4588	0
-0.2732	0
0.6908	1
0.3094	0
0.1779	0
0.25	0
-0.1027	0
0.7345	1
0.5859	1
-0.1027	0
0.1516	0
0.5904	1
0.4588	0
0.5848	1
0.3818	0
0.4588	0
-0.25	0
0.4588	0
0.6486	1
0.4588	0
0.2023	0
0.1779	0
0.6808	1
0.4678	0
-0.7783	-1
0.2263	0
0.3786	0
0.0	0
0.4019	0
0.802	1
-0.4019	0
0.128	0
-0.2057	0
0.1516	0
0.25	0
-0.6428	-1
0.2023	0
0.1531	0
0.25	0
0.6486	1
0.5994	1
0.1516	0
-0.4939	0
0.7897	1
0.25	0
0.0531	0
0.2263	0
0.3164	0
0.2023	0
0.6124	1
0.3182	0
0.5719	1
0.4588	0
0.0772	0
0.2023	0
0.5859	1
0.2003	0
0.2023	0
0.5983	1
0.4404	0
0.6486	1
0.5423	1
-0.652	-1
0.743	1
0.25	0
0.658	1
0.8481	1
0.4588	0
0.2714	0
0.9371	1
0.4588	0
0.2023	0
0.4588	0
0.4588	0
0.7717	1
0.25	0
0.7184	1
0.7184	1
0.8658	1
0.2003	0
0.5423	1
0.1516	0
0.0	0
0.25	0
0.7783	1
-0.357	0
0.4588	0
0.4588	0
0.4588	0
0.4885	0
0.2003	0
0.4588	0
0.6597	1
0.2263	0
0.4588	0
0.8074	1
0.5093	1
0.2263	0
-0.8497	-1
0.2942	0
0.25	0
0.3182	0
0.4588	0
0.3612	0
0.4939	0
0.5267	1
0.4215	0
0.296	0
0.2023	0
0.4588	0
0.25	0
0.25	0
0.3164	0
0.6597	1
0.5994	1
0.1516	0
0.6908	1
0.6124	1
0.4588	0
-0.4215	0
0.6908	1
-0.1027	0
0.7351	1
0.4588	0
0.323	0
0.25	0
0.2263	0
0.2023	0
-0.0516	0
0.807	1
0.4588	0
0.25	0
0.0772	0
0.6808	1
0.4588	0
-0.357	0
0.6908	1
0.8439	1
0.659	1
0.4588	0
0.7506	1
0.2263	0
0.6533	1
0.8316	1
0.25	0
0.25	0
0.4588	0
-0.2523	0
0.2023	0
0.4588	0
-0.25	0
-0.0516	0
0.3612	0
0.5994	1
0.5994	1
0.5423	1
0.2263	0
0.2263	0
0.4588	0
0.5267	1
0.3164	0
0.4588	0
0.5994	1
0.8687	1
0.5204	1
0.1779	0
0.1516	0
0.2023	0
0.2023	0
0.4767	0
0.2263	0
0.4588	0
0.659	1
0.4588	0
0.4588	0
0.4767	0
0.0258	0
0.4588	0
0.7579	1
0.7964	1
0.8074	1
0.2023	0
-0.5267	-1
0.2263	0
0.5093	1
-0.0772	0
-0.1531	0
0.6124	1
0.8658	1
-0.1764	0
-0.0865	0
0.2263	0
0.4767	0
0.1516	0
0.6486	1
0.4588	0
0.7003	1
0.4588	0
0.4404	0
0.2263	0
0.4588	0
0.25	0
0.4588	0
0.8402	1
0.2263	0
0.0258	0
0.25	0
0.7435	1
0.2023	0
0.5204	1
0.9042	1
0.4588	0
0.6341	1
0.6486	1
0.25	0
0.5093	1
-0.2732	0
0.2023	0
0.5707	1
-0.5267	-1
0.5859	1
0.1516	0
0.4588	0
-0.3182	0
0.5994	1
0.2023	0
0.2263	0
0.3164	0
0.4588	0
-0.5393	-1
0.1516	0
0.2263	0
0.4588	0
0.7096	1
0.6114	1
0.8	1
0.4588	0
-0.6808	-1
0.6249	1
-0.1531	0
0.8387	1
0.802	1
0.6688	1
0.4939	0
0.4588	0
0.25	0
0.4588	0
0.1027	0
0.8513	1
0.2263	0
0.4588	0
0.8658	1
0.2263	0
-0.1779	0
0.2023	0
0.4939	0
0.4588	0
-0.8553	-1
0.3612	0
0.7412	1
0.1516	0
0.2263	0
-0.2023	0
0.25	0
0.4588	0
0.25	0
0.3818	0
0.25	0
0.4588	0
0.3353	0
-0.1779	0
0.8817	1
0.5106	1
-0.2797	0
0.4588	0
0.4588	0
0.8225	1
0.4588	0
0.4588	0
-0.5634	-1
0.8225	1
0.6705	1
0.6688	1
0.6049	1
0.34	0
0.25	0
0.1516	0
0.4588	0
-0.34	0
0.4588	0
0.6908	1
0.5093	1
0.5859	1
-0.296	0
-0.2037	0
0.4588	0
0.2263	0
0.8807	1
0.6369	1
0.4588	0
0.25	0
0.0772	0
0.4588	0
0.2263	0
0.0	0
0.4588	0
-0.3826	0
0.8062	1
0.4588	0
0.1516	0
0.7096	1
0.2023	0
-0.1027	0
0.2023	0
0.7964	1
-0.5667	-1
-0.2023	0
0.0	0
0.6124	1
-0.8021	-1
0.8188	1
0.6808	1
-0.0258	0
0.4588	0
0.4588	0
0.2023	0
0.9081	1
0.4588	0
0.4588	0
0.7351	1
0.128	0
0.6588	1
0.4588	0
0.5859	1
-0.4019	0
0.7579	1
0.4588	0
0.6369	1
0.2263	0
0.4588	0
0.6229	1
0.5994	1
0.2714	0
0.4588	0
0.25	0
0.3786	0
0.4588	0
0.8264	1
0.3612	0
0.9049	1
-0.0	0
0.4588	0
0.5859	1
0.25	0
0.2023	0
0.7269	1
0.5859	1
0.4588	0
0.8225	1
0.25	0
-0.1779	0
0.4195	0
0.2263	0
-0.5267	-1
0.4588	0
0.2263	0
0.4588	0
0.4588	0
0.4588	0
-0.1531	0
0.8658	1
0.4728	0
0.4588	0
0.2263	0
0.6908	1
0.0	0
0.6792	1
0.8957	1
0.25	0
0.4588	0
0.4588	0
0.5267	1
0.5859	1
0.4588	0
0.8316	1
0.5965	1
0.4215	0
0.5423	1
0.5994	1
0.6476	1
0.25	0
0.7346	1
0.6743	1
0.765	1
0.4588	0
0.25	0
0.4588	0
0.7003	1
0.4939	0
0.7096	1
-0.128	0
0.4588	0
0.5859	1
0.4588	0
0.8436	1
0.5574	1
0.25	0
-0.0772	0
0.4588	0
0.4588	0
0.4588	0
0.2023	0
0.4588	0
0.4588	0
0.4588	0
0.4588	0
0.2263	0
0.5719	1
0.7424	1
-0.1779	0
0.4588	0
0.4588	0
0.25	0
0.4588	0
0.8817	1
0.4588	0
0.7351	1
-0.5423	-1
0.6133	1
0.4497	0
0.7096	1
0.7184	1
0.8689	1
0.4588	0
0.7351	1
0.6072	1
0.8176	1
-0.0516	0
0.1779	0
0.6369	1
0.5445	1
0.2263	0
-0.34	0
-0.2263	0
0.1511	0
0.2263	0
0.25	0
0.5994	1
0.4588	0
0.4588	0
0.1516	0
0.2263	0
0.5978	1
0.296	0
0.4588	0
0.6124	1
-0.34	0
0.4588	0
0.6908	1
0.9121	1
0.5267	1
0.2023	0
0.7727	1
0.4588	0
0.4588	0
0.4975	0
-0.836	-1
-0.1531	0
0.4588	0
0.3612	0
0.0	0
0.4975	0
0.4588	0
0.6808	1
0.25	0
0.4588	0
0.4588	0
0.4588	0
0.5574	1
0.4588	0
-0.8221	-1
0.2023	0
0.7096	1
0.802	1
0.5859	1
0.4588	0
0.2023	0
0.5093	1
-0.2023	0
0.8817	1
0.4588	0
0.4588	0
0.7096	1
0.4588	0
0.4588	0
0.7096	1
0.4588	0
0.4588	0
0.4588	0
0.4588	0
0.4588	0
0.4588	0
0.7351	1
0.2263	0
0.128	0
0.7003	1
0.4588	0
0.0258	0
0.6486	1
0.4588	0
0.6808	1
0.4588	0
0.2263	0
0.507	1
0.4588	0
-0.0772	0
0.7096	1
0.6124	1
0.7351	1
0.4404	0
0.4404	0
0.7351	1
0.5267	1
0.4588	0
0.6808	1
0.7096	1
0.0258	0
0.0772	0
0.2263	0
-0.5393	-1
-0.6591	-1
0.7345	1
0.0258	0
0.2263	0
-0.6591	-1
0.4588	0
0.8074	1
0.7351	1
0.1516	0
0.2023	0
0.4588	0
0.0	0
0.3818	0
0.4588	0
0.5255	1
0.4588	0
0.7351	1
0.7096	1
0.4199	0
0.6996	1
0.6514	1
0.6072	1
0.2003	0
0.7672	1
0.7003	1
0.4588	0
0.2263	0
0.4562	0
0.0	0
0.4588	0
0.2263	0
0.4588	0
0.6808	1
-0.0258	0
0.6249	1
0.7184	1
0.4588	0
0.0	0
0.7783	1
0.743	1
0.6808	1
0.4588	0
0.4588	0
-0.0772	0
0.8591	1
0.1531	0
0.0	0
0.4588	0
0.7351	1
0.25	0
0.4588	0
0.4215	0
0.6249	1
0.5267	1
0.1027	0
0.7351	1
0.7713	1
0.7712	1
0.0258	0
0.7506	1
0.0516	0
0.5267	1
0.4588	0
0.5423	1
0.6908	1
0.4588	0
0.802	1
0.7184	1
0.4588	0
0.4588	0
0.4588	0
0.2263	0
0.5859	1
0.743	1
0.4588	0
0.7964	1
0.0	0
0.7269	1
0.2263	0
0.5423	1
0.2263	0
-0.416	0
0.4588	0
0.4588	0
0.5707	1
0.8439	1
0.4588	0
0.2975	0
0.7003	1
0.4588	0
0.5719	1
0.2023	0
0.6124	1
0.5106	1
0.4588	0
0.4588	0
-0.505	-1
0.1516	0
0.4588	0
-0.4939	0
0.2023	0
0.743	1
0.5267	1
0.5093	1
0.4588	0
0.7351	1
-0.0772	0
-0.5544	-1
0.5106	1
0.2263	0
-0.2732	0
0.2023	0
0.5859	1
0.2263	0
0.2023	0
0.1548	0
0.6808	1
0.2023	0
0.4215	0
0.6369	1
0.1408	0
0.0258	0
0.87	1
0.4767	0
0.4588	0
-0.5423	-1
0.6808	1
0.2263	0
0.7096	1
0.4215	0
0.6705	1
-0.6788	-1
0.7777	1
0.4588	0
-0.1027	0
0.7184	1
0.6808	1
0.7906	1
0.0258	0
0.4588	0
0.6249	1
0.6486	1
0.2263	0
-0.7894	-1
0.5574	1
0.34	0
0.443	0
-0.4278	0
0.0	0
0.743	1
0.6249	1
0.4588	0
0.1516	0
0.4588	0
0.4588	0
0.4588	0
0.6124	1
0.6705	1
0.7003	1
0.7003	1
0.7579	1
0.7424	1
0.4588	0
-0.0464	0
0.2263	0
0.128	0
0.0258	0
0.4588	0
0.2263	0
0.128	0
0.7351	1
0.128	0
0.0	0
0.7096	1
0.2023	0
0.7744	1
-0.2732	0
0.7506	1
-0.4703	0
0.6808	1
0.7184	1
0.2263	0
0.4588	0
0.0	0
0.4588	0
-0.0772	0
0.3818	0
0.8519	1
0.802	1
-0.25	0
-0.2598	0
0.4588	0
0.8519	1
0.5859	1
0.4588	0
0.7096	1
0.296	0
0.4588	0
0.4588	0
0.6705	1
0.5574	1
0.128	0
0.4588	0
0.8807	1
0.4939	0
0.6705	1
0.5473	1
0.6808	1
0.0258	0
0.0772	0
-0.34	0
0.6908	1
0.7096	1
0.8519	1
0.4215	0
0.1516	0
0.6124	1
0.2263	0
0.0772	0
-0.25	0
0.7096	1
0.4404	0
-0.4391	0
0.5859	1
0.2263	0
0.8316	1
0.1154	0
0.7096	1
0.4767	0
0.4588	0
0.4215	0
0.4588	0
-0.25	0
-0.8393	-1
0.6908	1
0.4588	0
0.2263	0
0.2263	0
0.0258	0
0.8278	1
0.5456	1
0.7645	1
0.5267	1
0.3818	0
-0.0772	0
0.4588	0
0.1531	0
0.2263	0
0.6597	1
0.2263	0
0.3818	0
0.7003	1
0.1516	0
0.4588	0
0.2263	0
-0.126	0
-0.128	0
0.6597	1
0.2263	0
-0.1027	0
0.2263	0
-0.5837	-1
0.1516	0
0.2263	0
0.6486	1
0.5574	1
0.128	0
0.2263	0
0.802	1
-0.3182	0
0.3818	0
0.4588	0
0.2023	0
0.5046	1
0.0258	0
0.0772	0
0.4588	0
0.4767	0
0.6369	1
0.1516	0
0.8402	1
0.4588	0
0.7003	1
0.0	0
0.5719	1
0.4353	0
-0.4466	0
0.2263	0
0.6124	1
-0.3182	0
-0.3182	0
0.8316	1
0.0	0
0.4588	0
0.4588	0
0.2263	0
0.3612	0
0.4588	0
0.4404	0
-0.0516	0
0.4588	0
0.765	1
0.5766	1
0.4588	0
0.4588	0
0.3818	0
-0.0772	0
0.5093	1
0.7482	1
-0.34	0
0.4588	0
0.0	0
0.2023	0
0.1921	0
0.1516	0
-0.1027	0
0.4404	0
0.7184	1
0.2023	0
0.296	0
0.4588	0
0.0258	0
0.4588	0
0.6908	1
0.4939	0
0.2023	0
0.7003	1
0.4588	0
0.4588	0
0.7351	1
0.0	0
-0.631	-1
0.1531	0
-0.34	0
0.5267	1
0.6249	1
0.5015	1
0.0258	0
0.34	0
-0.0516	0
0.5574	1
0.7964	1
0.7783	1
-0.1901	0
0.4588	0
0.8779	1
0.4588	0
0.4588	0
0.2732	0
0.9432	1
0.6597	1
0.0258	0
0.6908	1
0.4588	0
0.5983	1
-0.2023	0
0.4404	0
0.6486	1
0.0516	0
-0.6037	-1
0.4019	0
0.5093	1
0.4588	0
0.1027	0
-0.0772	0
0.6369	1
0.4588	0
0.4588	0
0.8748	1
0.0258	0
0.1516	0
0.5106	1
0.2023	0
0.0772	0
0.8126	1
-0.2869	0
0.5859	1
0.8748	1
0.5574	1
0.4588	0
0.4588	0
0.7351	1
0.7003	1
0.6249	1
0.4215	0
0.6249	1
0.4588	0
0.4588	0
0.7717	1
0.0	0
0.4939	0
0.4588	0
0.8718	1
0.0258	0
0.4588	0
0.6597	1
0.128	0
0.25	0
-0.0772	0
0.4588	0
0.1154	0
0.4588	0
0.6114	1
0.7351	1
0.1779	0
0.4019	0
0.7351	1
0.0258	0
0.2023	0
0.0772	0
-0.4753	0
0.7003	1
0.4588	0
-0.7833	-1
0.5093	1
0.4588	0
0.4588	0
0.4588	0
0.4588	0
0.34	0
0.0129	0
0.6124	1
0.4588	0
0.5267	1
-0.5651	-1
0.0258	0
0.1516	0
0.6808	1
0.7351	1
0.0439	0
0.7717	1
0.7964	1
0.4588	0
0.2263	0
0.3612	0
0.6486	1
0.4588	0
0.6808	1
0.296	0
0.7351	1
0.6486	1
0.4588	0
0.555	1
0.6808	1
0.4588	0
0.3818	0
0.2263	0
0.7887	1
0.6486	1
0.4588	0
0.4588	0
0.4588	0
0.7178	1
0.4588	0
-0.25	0
-0.0772	0
0.5859	1
0.4588	0
0.7351	1
0.0	0
0.3612	0
0.1027	0
0.2263	0
0.6486	1
-0.0772	0
0.4588	0
0.5046	1
-0.2944	0
-0.5994	-1
0.4588	0
-0.25	0
0.8507	1
0.1078	0
0.5766	1
0.4588	0
0.6908	1
0.5574	1
0.7964	1
0.4588	0
0.0	0
0.3818	0
0.0258	0
0.4767	0
0.4588	0
0.5267	1
0.0258	0
0.4588	0
-0.2144	0
0.4588	0
0.2263	0
-0.1027	0
0.5267	1
0.0258	0
0.4588	0
-0.0772	0
0.1516	0
0.6808	1
0.1027	0
0.4939	0
0.7351	1
-0.5719	-1
0.4215	0
0.3182	0
0.7003	1
0.1779	0
0.2263	0
0.7351	1
0.0	0
0.4588	0
0.4588	0
0.4588	0
-0.25	0
0.5859	1
0.2023	0
0.4588	0
0.4588	0
0.4588	0
0.4588	0
0.0	0
0.0258	0
0.4019	0
0.3612	0
0.4588	0
0.0516	0
0.802	1
0.3885	0
0.3612	0
0.2263	0
0.7184	1
0.4588	0
0.1531	0
0.4588	0
0.0	0
0.0	0
0.7351	1
0.4588	0
0.5859	1
0.296	0
0.0	0
0.4588	0
0.4588	0
0.6155	1
0.3612	0
0.4588	0
0.5984	1
0.5859	1
-0.0772	0
0.296	0
0.5574	1
0.5434	1
0.4588	0
0.4588	0
0.4588	0
0.2263	0
0.0258	0
-0.2003	0
-0.2732	0
0.2612	0
0.7351	1
0.0258	0
0.2263	0
0.6848	1
0.0	0
-0.4703	0
0.765	1
0.4588	0
-0.25	0
0.4588	0
0.4588	0
0.7351	1
0.4588	0
0.7184	1
0.4588	0
0.4404	0
0.4588	0
0.4767	0
0.2263	0
0.2612	0
0.624	1
0.8689	1
0.0258	0
0.0	0
0.0	0
0.5337	1
-0.296	0
0.915	1
0.4588	0
0.6908	1
0.4588	0
0.4215	0
0.4588	0
0.1531	0
0.4588	0
0.7351	1
0.4588	0
0.5267	1
0.7351	1
0.2023	0
0.6369	1
0.0	0
-0.4118	0
0.2263	0
0.1027	0
0.2263	0
-0.0772	0
0.7351	1
0.0258	0
0.6139	1
0.3574	0
0.5106	1
0.4588	0
0.4588	0
0.1516	0
0.4939	0
0.0258	0
0.4588	0
-0.7003	-1
0.9282	1
0.7351	1
0.1779	0
-0.25	0
0.4767	0
-0.0134	0
0.4588	0
0.2263	0
0.0772	0
0.4588	0
0.4588	0
0.5859	1
-0.0772	0
0.2714	0
0.7351	1
0.8779	1
0.2942	0
0.5859	1
0.0258	0
0.8658	1
0.0258	0
0.25	0
0.2023	0
0.4588	0
0.0	0
-0.25	0
0.25	0
0.5859	1
-0.1779	0
-0.802	-1
-0.1779	0
0.0772	0
0.2263	0
0.7506	1
0.25	0
0.7479	1
0.6908	1
0.714	1
-0.128	0
0.2263	0
0.7717	1
0.7351	1
0.2023	0
0.4588	0
0.3151	0
0.0258	0
0.8689	1
-0.4019	0
0.4588	0
0.6369	1
0.6072	1
0.8658	1
0.0258	0
0.2263	0
0.4588	0
0.1531	0
0.5267	1
0.4588	0
0.4588	0
0.7906	1
0.2263	0
0.2263	0
0.1531	0
0.7351	1
0.3626	0
0.6486	1
0.802	1
0.6908	1
-0.1468	0
0.2263	0
0.2023	0
-0.6199	-1
0.4588	0
-0.25	0
-0.4767	0
0.2023	0
0.2263	0
0.5106	1
0.4588	0
0.4588	0
0.3182	0
-0.25	0
-0.25	0
0.4871	0
0.5423	1
0.296	0
0.1516	0
-0.25	0
0.4588	0
0.4168	0
0.0258	0
0.4588	0
-0.25	0
0.4588	0
0.2942	0
0.4215	0
-0.25	0
0.3612	0
0.7351	1
-0.25	0
0.2263	0
0.2263	0
0.4588	0
0.4588	0
0.6239	1
0.4767	0
0.5106	1
0.4588	0
0.4588	0
0.2263	0
0.4767	0
0.0772	0
0.5622	1
0.2263	0
0.4588	0
0.4588	0
0.4588	0
0.4588	0
0.4588	0
0.7184	1
0.4215	0
0.2589	0
0.0	0
-0.5544	-1
0.7845	1
0.8481	1
0.7184	1
0.128	0
0.2263	0
0.25	0
-0.25	0
0.4588	0
0.2263	0
0.4588	0
0.6124	1
0.4588	0
0.6956	1
0.0772	0
0.5423	1
0.1516	0
0.2263	0
0.5093	1
0.7184	1
0.6908	1
0.2263	0
0.2263	0
0.743	1
0.25	0
0.5859	1
0.5362	1
-0.25	0
0.0258	0
-0.0315	0
0.0258	0
0.6908	1
0.577	1
0.6486	1
0.2263	0
-0.0	0
0.4939	0
-0.3612	0
0.4404	0
0.4767	0
0.4588	0
0.5574	1
0.9186	1
0.3595	0
0.0258	0
0.4588	0
0.6908	1
0.0258	0
0.4588	0
0.5093	1
0.4588	0
0.2263	0
-0.4329	0
0.3818	0
-0.1655	0
-0.25	0
0.7184	1
0.2263	0
0.0258	0
0.4712	0
0.5267	1
0.5848	1
0.6908	1
0.2263	0
0.4767	0
0.7184	1
0.6908	1
0.9397	1
0.25	0
0.6908	1
0.4215	0
0.4588	0
0.7645	1
0.0258	0
0.3818	0
0.2263	0
0.7925	1
0.6761	1
0.7351	1
0.2617	0
0.1615	0
0.128	0
0.5514	1
0.7964	1
0.4939	0
0.0772	0
0.7184	1
0.4215	0
0.4767	0
0.4588	0
0.7184	1
0.0258	0
0.1779	0
0.2263	0
0.0258	0
0.4588	0
-0.25	0
0.0	0
0.743	1
0.2263	0
0.2263	0
-0.128	0
0.4588	0
0.2023	0
0.4588	0
0.6369	1
0.2263	0
0.4588	0
0.2732	0
0.6908	1
0.4767	0
0.2263	0
0.4588	0
-0.7506	-1
0.7096	1
0.1531	0
0.7579	1
0.0258	0
0.8885	1
0.9517	1
-0.2677	0
0.4588	0
0.5423	1
0.5574	1
0.2263	0
0.0258	0
0.2023	0
0.2263	0
-0.6098	-1
-0.25	0
0.2263	0
-0.0516	0
-0.25	0
0.8402	1
0.4588	0
0.4588	0
0.7179	1
0.0258	0
0.7717	1
0.4215	0
0.4215	0
0.5514	1
0.0258	0
0.5093	1
0.4404	0
0.1078	0
0.5574	1
0.7351	1
0.2023	0
0.7096	1
0.5719	1
0.6249	1
0.8885	1
0.4019	0
0.1516	0
0.5406	1
0.4588	0
0.4588	0
0.7184	1
0.3354	0
0.4588	0
-0.128	0
0.6124	1
-0.1513	0
0.4588	0
-0.25	0
0.4588	0
0.0772	0
0.765	1
-0.4939	0
-0.1082	0
-0.7783	-1
0.0258	0
0.4588	0
0.4939	0
0.4588	0
0.6705	1
0.4588	0
0.128	0
0.5994	1
0.7506	1
0.2263	0
0.0258	0
0.4351	0
0.8543	1
0.7177	1
0.7184	1
0.8065	1
0.4588	0
0.1516	0
-0.2732	0
0.7351	1
0.2263	0
0.5106	1
0.5994	1
0.872	1
0.4588	0
0.5719	1
0.4404	0
0.4588	0
0.0	0
0.2263	0
0.4939	0
0.1677	0
0.8356	1
0.0258	0
0.0258	0
0.6892	1
0.4588	0
0.7003	1
-0.25	0
0.4588	0
-0.25	0
0.6124	1
0.0258	0
0.128	0
0.2263	0
-0.25	0
0.0	0
0.7003	1
0.3164	0
0.2263	0
0.4588	0
0.5719	1
0.6705	1
-0.25	0
0.6124	1
0.4767	0
-0.296	0
0.25	0
0.7184	1
-0.8047	-1
0.4588	0
0.802	1
0.7269	1
0.4588	0
0.1516	0
0.2023	0
0.4404	0
0.5859	1
0.6757	1
0.7003	1
0.0258	0
0.4588	0
0.296	0
0.4588	0
0.4588	0
0.836	1
0.25	0
0.5267	1
0.4588	0
0.4588	0
0.4588	0
0.4588	0
0.4588	0
0.7351	1
0.2263	0
0.2942	0
0.7351	1
0.5106	1
0.4588	0
0.0258	0
-0.3818	0
0.6705	1
0.2263	0
0.4019	0
0.7179	1
0.296	0
0.4588	0
0.6124	1
0.0258	0
0.2682	0
0.4588	0
0.2762	0
0.0258	0
0.6705	1
0.4767	0
0.0258	0
0.4215	0
0.296	0
0.2263	0
0.6705	1
0.887	1
0.4588	0
0.0258	0
0.6124	1
0.4588	0
0.2023	0
0.0258	0
0.4215	0
0.0258	0
0.636	1
0.0258	0
0.0258	0
0.0772	0
0.6369	1
0.5927	1
0.4019	0
0.4588	0
0.4588	0
0.7184	1
0.0258	0
0.0	0
-0.1779	0
0.4404	0
0.0667	0
0.4588	0
0.7351	1
0.2263	0
0.6808	1
0.0258	0
0.4588	0
0.6289	1
0.0258	0
0.1516	0
0.5411	1
0.25	0
0.4588	0
0.4024	0
0.0258	0
0.7089	1
0.6533	1
0.6697	1
0.4588	0
0.34	0
0.7003	1
0.25	0
0.6908	1
0.2263	0
0.6124	1
0.2263	0
0.4588	0
0.8261	1
0.5859	1
-0.0258	0
0.0772	0
0.4588	0
0.5093	1
0.4588	0
-0.4404	0
0.2263	0
-0.0956	0
-0.25	0
0.4588	0
0.1027	0
0.4588	0
0.6093	1
0.5859	1
0.2263	0
0.5994	1
0.4588	0
0.5859	1
0.5994	1
0.1516	0
-0.4588	0
0.4588	0
-0.2023	0
0.4215	0
0.7351	1
0.4963	0
-0.0516	0
0.301	0
0.4588	0
-0.1779	0
0.6597	1
0.4588	0
0.4588	0
0.4588	0
0.6808	1
0.25	0
0.0	0
0.0772	0
0.4588	0
-0.3094	0
0.4588	0
0.875	1
0.4588	0
-0.4199	0
0.0258	0
-0.3818	0
0.4588	0
0.7424	1
0.8176	1
0.1548	0
0.4497	0
0.0258	0
0.4215	0
0.2942	0
-0.3818	0
0.3313	0
-0.4215	0
0.3182	0
0.0	0
0.9168	1
-0.25	0
0.2263	0
0.8074	1
0.4588	0
0.2263	0
-0.2263	0
0.4588	0
0.4588	0
0.7351	1
0.6597	1
0.0258	0
0.6597	1
0.7882	1
0.6486	1
-0.5994	-1
0.4588	0
0.296	0
0.5574	1
0.0258	0
0.33	0
0.4588	0
0.701	1
0.2263	0
-0.3818	0
0.4588	0
0.4588	0
0.7096	1
0.4588	0
-0.25	0
0.4588	0
0.875	1
0.7424	1
0.354	0
-0.1531	0
0.4215	0
0.1027	0
0.0	0
0.4588	0
0.2263	0
0.0516	0
0.0516	0
-0.6575	-1
0.7351	1
0.0258	0
0.2382	0
0.7076	1
0.7184	1
0.6908	1
-0.128	0
-0.0772	0
0.4588	0
0.4588	0
0.6808	1
0.8578	1
-0.25	0
-0.2572	0
0.0	0
0.4588	0
-0.7833	-1
0.4588	0
0.4939	0
0.7226	1
0.5423	1
0.4767	0
0.5093	1
0.0	0
0.2589	0
0.7003	1
0.4391	0
0.6249	1
-0.0516	0
0.1027	0
0.6597	1
0.6908	1
0.4588	0
0.7351	1
0.7901	1
-0.126	0
0.7096	1
-0.3818	0
0.4588	0
0.4588	0
0.2263	0
0.8225	1
0.7003	1
0.6593	1
0.296	0
-0.6346	-1
0.4678	0
0.0258	0
0.0258	0
0.5859	1
0.4588	0
0.7269	1
0.4588	0
0.4588	0
0.7964	1
0.2263	0
0.5859	1
0.2023	0
0.2263	0
0.1516	0
0.1179	0
0.7345	1
0.6604	1
-0.34	0
0.4588	0
0.5859	1
0.4588	0
0.5204	1
0.9001	1
0.0772	0
0.7351	1
0.4588	0
0.4588	0
0.4588	0
0.8225	1
0.7351	1
0.5859	1
0.4588	0
0.1027	0
0.4588	0
0.0258	0
0.2263	0
0.5255	1
0.4588	0
0.4588	0
0.2617	0
0.8999	1
0.4588	0
0.6705	1
0.6808	1
0.4588	0
0.128	0
0.0772	0
-0.081	0
0.7906	1
0.4588	0
0.6124	1
0.802	1
0.5574	1
0.9011	1
0.0	0
-0.2732	0
0.4588	0
0.7425	1
0.9167	1
0.4588	0
0.8176	1
0.2263	0
-0.5719	-1
0.6369	1
0.5859	1
0.4588	0
0.0258	0
0.4588	0
0.6908	1
0.4588	0
0.4588	0
0.4767	0
0.8225	1
0.4588	0
0.4588	0
-0.357	0
-0.3818	0
0.0258	0
0.5267	1
0.5859	1
0.4019	0
0.7783	1
0.8275	1
0.128	0
0.0516	0
0.6908	1
0.836	1
0.4588	0
0.8674	1
0.555	1
0.2263	0
0.4588	0
0.6361	1
0.0258	0
0.5267	1
0.7845	1
0.6908	1
-0.1779	0
0.6908	1
0.6486	1
0.3182	0
-0.3612	0
0.6124	1
-0.3182	0
0.128	0
0.1372	0
0.4939	0
-0.6346	-1
0.2263	0
0.4588	0
0.0258	0
0.128	0
0.7345	1
0.128	0
0.2263	0
-0.1431	0
0.4588	0
-0.0644	0
0.4588	0
0.91	1
0.6369	1
0.5994	1
0.5093	1
0.6369	1
0.4215	0
0.3182	0
-0.3182	0
0.7964	1
0.5423	1
0.4588	0
0.4939	0
0.765	1
-0.25	0
0.4215	0
0.2023	0
0.7902	1
0.4588	0
0.893	1
0.2732	0
0.4701	0
0.4215	0
0.7579	1
0.6705	1
0.3182	0
0.3612	0
0.7184	1
-0.1531	0
0.2263	0
0.0	0
0.0258	0
0.7964	1
0.4767	0
0.0	0
0.4588	0
0.4588	0
0.4588	0
0.6124	1
0.4588	0
0.802	1
-0.7368	-1
0.4404	0
-0.6098	-1
0.7845	1
0.2023	0
0.6908	1
0.2263	0
0.5719	1
0.5994	1
0.7717	1
0.8074	1
0.4588	0
0.1516	0
0.0258	0
-0.3612	0
0.2263	0
0.0258	0
-0.3818	0
-0.6369	-1
0.7333	1
-0.552	-1
-0.0258	0
0.4588	0
0.0	0
-0.4215	0
0.7351	1
0.1027	0
-0.25	0
0.7269	1
0.8271	1
0.2263	0
0.2263	0
0.4588	0
-0.1531	0
0.4588	0
0.4754	0
0.4588	0
0.4588	0
0.4588	0
-0.3612	0
0.4588	0
0.4588	0
-0.3818	0
0.4497	0
0.4588	0
0.5719	1
0.4588	0
0.2263	0
-0.3182	0
0.0823	0
0.0258	0
0.6249	1
-0.25	0
0.8689	1
0.0258	0
0.0	0
0.5599	1
0.1934	0
0.4588	0
0.0772	0
-0.6098	-1
0.6707	1
0.6124	1
0.296	0
0.6486	1
0.0258	0
0.0	0
0.4588	0
0.7712	1
-0.25	0
0.4588	0
-0.5423	-1
0.4588	0
0.4588	0
-0.4215	0
0.0	0
0.6707	1
0.0258	0
0.5093	1
0.5267	1
0.4767	0
0.946	1
0.6476	1
0.0258	0
0.0258	0
0.0258	0
-0.4019	0
0.4588	0
0.2263	0
-0.0516	0
0.5719	1
0.6908	1
0.0258	0
-0.2714	0
-0.357	0
0.4588	0
0.8074	1
0.6908	1
0.2023	0
0.1154	0
0.3818	0
0.6124	1
0.4588	0
0.4588	0
-0.4703	0
-0.25	0
0.2263	0
0.25	0
0.2263	0
0.6908	1
-0.6575	-1
0.296	0
0.8689	1
0.3818	0
0.6908	1
0.4588	0
-0.25	0
0.7739	1
0.5267	1
0.4588	0
-0.357	0
0.4588	0
0.0258	0
0.4588	0
0.4588	0
0.6908	1
0.296	0
0.7184	1
0.0258	0
0.5423	1
0.25	0
0.4588	0
0.296	0
-0.126	0
0.2023	0
0.0258	0
-0.4703	0
0.4588	0
-0.2023	0
0.4588	0
-0.25	0
-0.34	0
0.0258	0
0.4939	0
0.0258	0
-0.5559	-1
0.4588	0
0.0431	0
0.5204	1
0.4588	0
0.6908	1
0.7003	1
0.2023	0
0.0258	0
0.1007	0
0.2263	0
0.4939	0
0.6059	1
0.2023	0
0.4588	0
0.4019	0
0.7184	1
0.6808	1
0.1154	0
0.4588	0
0.1154	0
0.4215	0
0.7345	1
0.0258	0
0.7739	1
-0.6575	-1
0.0258	0
-0.25	0
0.8225	1
-0.7153	-1
0.5204	1
0.6892	1
0.0258	0
0.7739	1
0.5423	1
0.4588	0
0.4588	0
0.4588	0
0.7351	1
0.0258	0
0.4588	0
0.7184	1
0.4588	0
0.4588	0
0.4588	0
0.8356	1
0.6604	1
-0.25	0
0.6908	1
0.6908	1
-0.357	0
0.4588	0
0.0258	0
0.4588	0
0.4588	0
0.3182	0
0.4588	0
0.0258	0
-0.4019	0
-0.3612	0
0.0258	0
0.4588	0
0.4588	0
0.4588	0
-0.0772	0
0.0258	0
0.0258	0
0.296	0
0.0258	0
0.4588	0
0.0258	0
0.8074	1
0.0258	0
0.0258	0
0.765	1
0.4588	0
-0.101	0
0.0258	0
0.4588	0
0.6457	1
-0.25	0
0.6239	1
0.4019	0
-0.3612	0
0.2263	0
0.7579	1
0.7572	1
0.0258	0
0.4912	0
-0.34	0
0.4588	0
0.7027	1
-0.3612	0
0.128	0
0.0258	0
-0.5859	-1
0.4588	0
0.2263	0
0.743	1
0.0258	0
0.7184	1
-0.357	0
-0.3595	0
0.3818	0
-0.4222	0
0.5046	1
-0.25	0
0.5994	1
0.4588	0
0.4588	0
0.296	0
0.8316	1
-0.25	0
0.5319	1
0.4588	0
0.0258	0
0.4588	0
0.7269	1
0.443	0
0.2263	0
0.6908	1
0.6261	1
0.4588	0
0.0258	0
0.1954	0
-0.25	0
0.4588	0
0.0258	0
0.6908	1
0.0258	0
0.25	0
-0.7833	-1
0.4576	0
0.4588	0
0.0258	0
0.4588	0
0.2263	0
0.4588	0
0.296	0
0.4588	0
-0.25	0
0.4588	0
0.2263	0
0.4588	0
0.0258	0
0.0516	0
0.4588	0
0.0258	0
0.4588	0
0.296	0
0.34	0
0.3818	0
-0.25	0
-0.2732	0
0.0258	0
0.4588	0
0.2263	0
0.296	0
-0.25	0
0.5106	1
0.5093	1
0.4588	0
0.0	0
0.6908	1
-0.34	0
-0.25	0
0.4588	0
-0.3612	0
0.7184	1
0.0516	0
-0.1531	0
-0.1578	0
-0.3818	0
0.2263	0
0.7096	1
0.7615	1
0.2263	0
0.4019	0
-0.34	0
-0.3612	0
0.7712	1
0.296	0
0.0516	0
0.2023	0
0.8225	1
0.4588	0
0.7177	1
0.2263	0
0.5994	1
0.1516	0
0.4588	0
0.5423	1
0.0258	0
-0.25	0
0.6916	1
0.6908	1
0.0258	0
0.4939	0
0.2263	0
0.0258	0
0.4588	0
0.0258	0
0.2263	0
-0.25	0
-0.296	0
0.4588	0
-0.25	0
0.4588	0
0.6124	1
0.0258	0
0.4588	0
-0.4404	0
0.0258	0
0.4588	0
0.4404	0
-0.6575	-1
0.2263	0
0.4588	0
0.5574	1
0.0258	0
0.0258	0
0.0258	0
0.4215	0
0.6124	1
0.5267	1
0.0757	0
0.2263	0
0.7712	1
-0.3612	0
0.7712	1
0.4588	0
0.4588	0
0.68	1
0.2263	0
0.4588	0
-0.4731	0
0.4588	0
0.1027	0
0.4588	0
0.7269	1
0.0258	0
0.0258	0
0.4588	0
0.0	0
-0.5544	-1
0.0772	0
0.4588	0
0.5994	1
0.4588	0
0.5267	1
0.4215	0
0.0258	0
0.8689	1
0.4404	0
0.2263	0
0.4767	0
0.4588	0
0.2263	0
-0.357	0
-0.25	0
0.4588	0
0.5859	1
0.4588	0
0.0258	0
0.2263	0
0.2263	0
0.7184	1
0.8378	1
0.7003	1
0.4588	0
-0.6326	-1
-0.1027	0
0.5218	1
0.2263	0
0.7165	1
0.0258	0
0.4215	0
0.5719	1
0.8074	1
-0.25	0
0.3182	0
0.0258	0
0.8685	1
0.4588	0
0.6705	1
0.4588	0
0.7184	1
0.6604	1
0.4865	0
0.7964	1
-0.2263	0
-0.2023	0
0.7845	1
-0.25	0
0.5574	1
0.4588	0
0.4588	0
0.4588	0
0.0258	0
-0.25	0
0.4939	0
0.3412	0
0.0258	0
0.4588	0
-0.25	0
0.8402	1
0.4588	0
0.4588	0
0.2263	0
0.0258	0
-0.0516	0
-0.6575	-1
0.0	0
-0.5544	-1
0.4588	0
0.7351	1
0.128	0
-0.25	0
0.0258	0
0.6908	1
0.4588	0
-0.4215	0
0.2263	0
-0.6575	-1
0.6908	1
0.4588	0
0.0258	0
0.4019	0
0.8074	1
0.4588	0
-0.569	-1
0.5093	1
0.4588	0
0.9291	1
0.0258	0
-0.4003	0
0.6705	1
0.0258	0
0.4588	0
0.4588	0
0.0258	0
0.296	0
0.4588	0
0.2263	0
0.4588	0
0.636	1
-0.4902	0
0.0258	0
0.8271	1
0.4019	0
0.8271	1
0.4215	0
0.0258	0
0.855	1
-0.5967	-1
0.9167	1
0.4939	0
0.1531	0
0.5132	1
0.7906	1
-0.1027	0
0.5106	1
-0.25	0
0.4939	0
0.7351	1
0.2263	0
0.2263	0
-0.6177	-1
-0.2846	0
0.2263	0
0.6249	1
0.4588	0
0.0258	0
-0.569	-1
0.0258	0
0.0258	0
0.2732	0
0.4588	0
0.6908	1
0.2263	0
0.0258	0
-0.25	0
0.0258	0
0.4588	0
0.34	0
0.2263	0
0.6486	1
0.5574	1
0.1027	0
-0.25	0
-0.0721	0
0.0258	0
0.4588	0
0.0258	0
-0.357	0
0.0258	0
0.7845	1
-0.6575	-1
-0.0772	0
0.0258	0
0.0258	0
-0.25	0
0.6908	1
0.8807	1
0.0258	0
0.4588	0
0.7096	1
0.2263	0
0.2263	0
0.2942	0
0.4767	0
0.6169	1
0.4795	0
-0.25	0
0.4707	0
-0.2244	0
0.0258	0
0.0258	0
0.4588	0
0.6908	1
0.7003	1
0.0258	0
0.2023	0
-0.8126	-1
0.0258	0
0.2263	0
0.0258	0
0.2263	0
0.7777	1
-0.25	0
0.0258	0
-0.5574	-1
0.4588	0
0.7003	1
-0.0772	0
0.5423	1
0.5093	1
0.6486	1
-0.25	0
0.6908	1
0.6696	1
0.6808	1
0.5574	1
0.4588	0
-0.25	0
-0.6575	-1
0.2263	0
0.636	1
0.0258	0
-0.357	0
0.5719	1
0.6908	1
-0.6575	-1
0.4588	0
0.8122	1
0.0258	0
0.34	0
0.4588	0
0.2263	0
0.4588	0
0.0258	0
0.0258	0
-0.25	0
-0.6597	-1
-0.1813	0
0.4019	0
0.2263	0
-0.25	0
0.2023	0
0.8442	1
0.5574	1
0.2263	0
0.2944	0
-0.6575	-1
0.25	0
0.1119	0
0.4019	0
0.1331	0
0.1604	0
0.2263	0
0.4939	0
0.2144	0
0.2263	0
0.0258	0
0.2263	0
0.8418	1
0.7184	1
-0.0258	0
0.5267	1
0.4215	0
-0.802	-1
0.6705	1
0.2023	0
-0.25	0
0.0258	0
0.4019	0
0.6688	1
0.7469	1
0.0258	0
0.0258	0
0.0258	0
0.0258	0
-0.3182	0
-0.6098	-1
-0.0772	0
0.2732	0
0.4588	0
0.0258	0
0.0258	0
0.4588	0
0.3612	0
0.0258	0
0.6705	1
0.0258	0
0.2062	0
0.4588	0
0.2023	0
0.0258	0
0.4588	0
-0.2732	0
0.4588	0
0.8313	1
0.5719	1
-0.6575	-1
0.2023	0
0.2263	0
-0.357	0
0.0129	0
0.4588	0
0.0258	0
-0.25	0
0.4019	0
-0.5859	-1
0.3818	0
0.2263	0
0.4588	0
-0.25	0
0.4588	0
0.0258	0
0.0258	0
0.0258	0
-0.25	0
0.7184	1
0.0258	0
0.5267	1
0.4588	0
0.8957	1
0.5132	1
-0.25	0
0.4588	0
0.4588	0
0.9052	1
0.6705	1
-0.1531	0
0.0258	0
0.4588	0
0.4588	0
0.1516	0
0.5994	1
0.0258	0
0.1007	0
0.4588	0
0.5267	1
0.4215	0
0.4588	0
0.2263	0
0.4588	0
0.0052	0
0.5046	1
0.0258	0
0.5093	1
0.0258	0
0.6908	1
-0.2732	0
0.6808	1
0.128	0
0.0258	0
-0.0571	0
0.0305	0
-0.8689	-1
-0.7833	-1
0.5267	1
0.4588	0
0.0258	0
0.6124	1
0.0258	0
-0.1531	0
0.8555	1
0.4588	0
0.8129	1
-0.25	0
0.4404	0
0.0258	0
-0.34	0
-0.4215	0
0.5562	1
-0.0772	0
0.0258	0
-0.25	0
-0.34	0
0.5267	1
-0.34	0
-0.357	0
0.0258	0
0.4767	0
0.6597	1
0.0258	0
0.2584	0
-0.6575	-1
0.4019	0
-0.2732	0
0.4588	0
-0.7833	-1
0.1007	0
0.3382	0
-0.25	0
0.0258	0
0.0258	0
-0.347	0
0.0772	0
0.8038	1
0.0258	0
0.0258	0
0.0258	0
0.0258	0
0.0258	0
0.0258	0
0.5859	1
0.0516	0
0.7096	1
0.1298	0
-0.34	0
0.0258	0
0.0258	0
-0.8683	-1
0.507	1
0.0258	0
0.0258	0
0.3734	0
0.8185	1
0.0258	0
-0.3612	0
0.5346	1
-0.3182	0
0.6597	1
0.4588	0
0.0258	0
-0.5423	-1
0.2003	0
-0.7833	-1
0.0258	0
0.0258	0
0.1027	0
0.4215	0
0.2911	0
0.0258	0
0.4215	0
0.0258	0
0.8176	1
-0.25	0
-0.34	0
0.25	0
0.0258	0
0.4588	0
0.7184	1
-0.7833	-1
0.5413	1
0.0258	0
0.4389	0
0.6885	1
-0.25	0
0.4926	0
0.0609	0
-0.2732	0
0.0258	0
0.3919	0
0.7717	1
0.0258	0
0.4588	0
0.0258	0
-0.25	0
-0.34	0
0.9381	1
0.0258	0
0.0258	0
0.6705	1
-0.25	0
0.0258	0
0.0258	0
0.8316	1
0.0258	0
0.0	0
0.6597	1
-0.6575	-1
0.3818	0
0.2023	0
0.6604	1
-0.7833	-1
0.4588	0
-0.34	0
0.4767	0
0.0258	0
0.0258	0
0.0258	0
-0.25	0
0.0258	0
0.6249	1
0.6212	1
-0.25	0
0.0258	0
0.4588	0
0.6249	1
-0.5859	-1
-0.357	0
-0.25	0
0.0258	0
0.7096	1
0.25	0
-0.6575	-1
0.2263	0
-0.25	0
0.7783	1
0.0258	0
-0.34	0
0.2023	0
0.0258	0
-0.7565	-1
0.0258	0
-0.6575	-1
-0.7463	-1
-0.34	0
0.0258	0
0.101	0
-0.25	0
-0.2263	0
0.4767	0
0.0258	0
-0.688	-1
0.7506	1
0.0258	0
0.4767	0
0.0258	0
-0.25	0
0.4588	0
0.0258	0
0.4588	0
0.4588	0
-0.0276	0
0.2023	0
-0.25	0
0.0258	0
0.0258	0
0.0258	0
-0.7833	-1
0.0429	0
-0.6575	-1
0.2263	0
0.6808	1
0.1779	0
0.4215	0
-0.6575	-1
0.0258	0
0.0258	0
0.2263	0
0.2023	0
0.4588	0
0.3182	0
-0.3818	0
0.4588	0
0.6249	1
0.7096	1
0.0772	0
0.7997	1
0.4588	0
0.296	0
0.4588	0
0.0258	0
0.5719	1
0.6908	1
0.4215	0
0.6597	1
0.296	0
-0.186	0
0.4588	0
0.4588	0
0.4588	0
0.4588	0
0.5859	1
0.7269	1
0.7184	1
0.4588	0
0.296	0
0.5267	1
0.2846	0
0.8053	1
0.4588	0
0.4588	0
0.6597	1
0.4588	0
0.5574	1
0.3485	0
0.2263	0
0.0258	0
-0.7765	-1
-0.2216	0
0.8126	1
0.4306	0
0.4588	0
0.7717	1
0.802	1
0.4588	0
0.3595	0
0.6786	1
-0.5859	-1
0.4588	0
-0.296	0
-0.5423	-1
0.3818	0
0.6908	1
0.5719	1
-0.3612	0
0.1516	0
0.4588	0
0.5766	1
0.4588	0
0.0258	0
0.2263	0
0.4939	0
0.2263	0
0.5423	1
0.6908	1
-0.1027	0
0.7261	1
0.6249	1
0.296	0
0.4588	0
0.3818	0
0.6705	1
0.6705	1
0.7184	1
-0.7964	-1
0.4588	0
0.7184	1
0.34	0
0.4588	0
-0.2023	0
0.4588	0
0.743	1
0.4588	0
0.5859	1
0.4588	0
0.6908	1
0.7717	1
0.1516	0
0.7426	1
0.2263	0
0.6486	1
0.4588	0
0.4588	0
0.3182	0
0.2406	0
0.4588	0
0.34	0
0.6908	1
-0.1935	0
0.2869	0
0.6597	1
0.2144	0
0.6597	1
-0.5967	-1
-0.128	0
0.4588	0
0.2716	0
0.4588	0
0.1027	0
0.6908	1
0.4939	0
0.2263	0
0.4588	0
0.4588	0
0.4588	0
0.6478	1
0.3581	0
-0.3191	0
-0.2023	0
0.555	1
-0.1779	0
0.4588	0
0.2023	0
0.5719	1
0.7184	1
0.5719	1
0.0	0
0.4588	0
0.7269	1
0.4588	0
0.7506	1
0.2023	0
0.7003	1
0.8316	1
0.2481	0
0.25	0
0.4588	0
0.6597	1
0.4588	0
0.2263	0
-0.0516	0
0.8926	1
0.276	0
-0.5106	-1
0.8807	1
0.296	0
0.7096	1
0.7476	1
0.6705	1
0.4588	0
0.5574	1
0.7184	1
0.0258	0
-0.296	0
0.0	0
-0.0516	0
-0.296	0
0.2023	0
0.4588	0
0.4588	0
0.25	0
0.4588	0
0.2732	0
0.5859	1
0.0258	0
-0.1779	0
0.0258	0
-0.2481	0
0.6705	1
0.1516	0
0.5093	1
0.4588	0
0.6249	1
0.2732	0
0.1531	0
0.2263	0
0.6597	1
0.2023	0
0.5574	1
0.6428	1
0.4588	0
0.4588	0
0.7568	1
0.8507	1
0.4588	0
0.296	0
0.0258	0
0.7184	1
0.0772	0
-0.7512	-1
0.6344	1
-0.357	0
0.4588	0
0.7003	1
0.2263	0
-0.1027	0
-0.2023	0
0.1516	0
-0.0772	0
0.6486	1
0.3818	0
0.4588	0
0.4588	0
-0.5319	-1
0.6486	1
0.1027	0
0.5719	1
0.2263	0
-0.34	0
0.7096	1
0.4588	0
0.7424	1
0.4588	0
0.34	0
0.6908	1
0.6331	1
-0.296	0
0.1779	0
0.2263	0
0.2942	0
0.4588	0
0.0	0
0.802	1
0.4588	0
-0.25	0
-0.5574	-1
0.6705	1
-0.296	0
-0.5429	-1
-0.5994	-1
0.4404	0
-0.357	0
0.4588	0
0.2263	0
-0.2732	0
0.0258	0
-0.0772	0
-0.296	0
-0.0772	0
0.8074	1
0.6808	1
0.2023	0
0.4588	0
0.4588	0
0.5994	1
0.4588	0
-0.7184	-1
0.7506	1
0.4404	0
0.4588	0
0.1027	0
-0.34	0
0.7506	1
0.2263	0
0.6486	1
0.4588	0
-0.1779	0
0.4588	0
0.2023	0
0.5719	1
0.4588	0
0.2942	0
0.2023	0
0.6908	1
0.5994	1
0.2263	0
0.4588	0
0.8392	1
-0.5967	-1
0.8256	1
-0.0772	0
0.0	0
-0.6619	-1
0.2263	0
-0.4005	0
0.4588	0
0.7845	1
0.6124	1
-0.5995	-1
0.7959	1
0.4588	0
-0.7964	-1
0.6103	1
0.4588	0
-0.1779	0
0.5859	1
0.0772	0
0.1516	0
0.5574	1
0.1027	0
0.2263	0
0.1027	0
0.7184	1
0.128	0
-0.5995	-1
0.2263	0
0.6533	1
0.5046	1
-0.1027	0
0.6893	1
-0.7184	-1
-0.5514	-1
-0.0516	0
-0.1295	0
-0.1779	0
0.4404	0
0.4728	0
-0.4588	0
-0.4019	0
-0.7167	-1
-0.0772	0
0.7096	1
-0.5106	-1
0.4588	0
-0.7184	-1
0.2263	0
-0.6467	-1
0.4588	0
0.6249	1
0.2023	0
0.0258	0
-0.8126	-1
0.705	1
0.1621	0
0.0431	0
0.7906	1
0.6705	1
0.8357	1
0.2023	0
-0.2263	0
0.6597	1
-0.0516	0
0.7783	1
0.2263	0
0.128	0
0.6486	1
0.2023	0
0.4588	0
0.1516	0
0.4588	0
0.25	0
0.7884	1
0.2023	0
0.7184	1
0.4588	0
0.4588	0
0.4588	0
0.7424	1
0.8677	1
0.0	0
-0.4019	0
0.4588	0
0.705	1
0.7506	1
-0.0516	0
0.4588	0
-0.0498	0
0.6467	1
0.4588	0
0.8126	1
0.5204	1
0.4588	0
-0.1565	0
-0.5967	-1
0.4588	0
0.6139	1
0.224	0
0.7263	1
0.7717	1
0.4588	0
0.7345	1
0.4588	0
0.2263	0
0.6486	1
0.4588	0
0.4588	0
0.4588	0
0.4588	0
0.7906	1
-0.0516	0
0.4588	0
0.4215	0
0.2942	0
0.4588	0
0.4588	0
0.2263	0
0.836	1
-0.5967	-1
0.7543	1
0.4588	0
0.4588	0
0.6369	1
0.4588	0
0.4588	0
-0.5267	-1
0.4404	0
-0.0516	0
0.7096	1
0.4588	0
0.4588	0
0.2263	0
0.8016	1
0.802	1
0.4588	0
0.1516	0
0.4588	0
-0.1779	0
0.3885	0
0.4588	0
0.0772	0
0.5859	1
0.4588	0
0.4588	0
-0.4404	0
-0.6908	-1
0.4588	0
0.594	1
0.0	0
0.4588	0
0.4588	0
0.4588	0
0.4576	0
0.802	1
0.0258	0
0.7351	1
0.4588	0
0.4588	0
0.128	0
0.6705	1
0.2023	0
0.765	1
0.5719	1
0.4588	0
0.2263	0
0.4588	0
0.4588	0
0.4588	0
-0.1027	0
0.4588	0
0.0	0
0.4588	0
-0.1531	0
0.5267	1
-0.7253	-1
0.4588	0
0.6124	1
-0.5967	-1
0.4588	0
0.5719	1
0.4588	0
0.7964	1
0.2263	0
0.7096	1
0.7269	1
0.5859	1
0.4588	0
0.3612	0
0.7184	1
0.4588	0
0.4404	0
0.7351	1
0.5093	1
0.1516	0
0.6586	1
0.6705	1
0.2244	0
0.4588	0
-0.5267	-1
-0.2598	0
0.4588	0
-0.5967	-1
0.4497	0
0.4588	0
0.4588	0
0.4588	0
0.4588	0
0.4976	0
-0.34	0
0.4588	0
0.886	1
-0.1531	0
0.5859	1
-0.34	0
0.5093	1
0.4588	0
0.4215	0
0.4215	0
0.4588	0
0.5859	1
0.4404	0
0.4588	0
0.2023	0
0.0	0
0.3612	0
-0.5967	-1
0.5859	1
0.4588	0
0.4588	0
-0.856	-1
0.4588	0
0.4404	0
0.2942	0
-0.4215	0
0.5267	1
0.4404	0
0.2714	0
0.7003	1
0.5859	1
0.0	0
0.4588	0
0.6486	1
0.4588	0
0.4215	0
-0.5967	-1
0.0823	0
0.4588	0
0.4588	0
0.4588	0
0.7345	1
0.5859	1
0.1307	0
0.5267	1
0.4215	0
0.4215	0
0.9212	1
0.802	1
-0.1027	0
0.5994	1
0.4588	0
0.4588	0
0.276	0
-0.1974	0
0.4588	0
0.3581	0
0.0	0
0.5574	1
0.802	1
0.8861	1
0.6486	1
0.4588	0
0.4588	0
0.7351	1
0.0516	0
0.128	0
0.4588	0
0.0	0
-0.5967	-1
0.4588	0
0.6369	1
0.5093	1
0.4588	0
0.7184	1
0.4588	0
0.6369	1
0.2714	0
0.5707	1
-0.5967	-1
0.4588	0
0.7184	1
0.0	0
0.4588	0
0.4215	0
0.5233	1
0.4588	0
0.2942	0
-0.34	0
0.4588	0
0.4588	0
0.2023	0
0.5719	1
0.4588	0
0.8338	1
0.4588	0
0.2263	0
0.4215	0
-0.0516	0
-0.0772	0
0.7351	1
0.6705	1
0.4588	0
0.824	1
0.4588	0
0.4215	0
0.4215	0
0.2263	0
0.4588	0
0.0258	0
0.7745	1
0.802	1
0.1516	0
0.4588	0
0.4588	0
0.4588	0
0.4588	0
0.7964	1
0.2023	0
0.2263	0
-0.0772	0
0.8779	1
0.0	0
0.4588	0
0.0	0
0.2811	0
0.4215	0
0.25	0
0.7783	1
0.25	0
0.4588	0
0.0	0
-0.7574	-1
0.4588	0
0.4767	0
0.2023	0
0.4588	0
-0.4019	0
0.6908	1
0.0	0
0.7096	1
0.8271	1
0.6369	1
0.6533	1
0.4588	0
-0.2144	0
0.7494	1
0.0772	0
0.1027	0
0.2263	0
-0.7824	-1
0.4588	0
0.3384	0
0.4588	0
0.0	0
0.4588	0
-0.0129	0
0.8168	1
0.7829	1
0.8176	1
-0.2263	0
0.4588	0
-0.5187	-1
0.0	0
0.6369	1
0.5106	1
0.5994	1
0.4588	0
0.0	0
0.3612	0
0.2023	0
0.4588	0
-0.4019	0
0.6486	1
0.2263	0
-0.7102	-1
0.1779	0
0.7003	1
0.802	1
0.4588	0
0.5719	1
0.3818	0
0.6705	1
0.2263	0
0.4588	0
0.1904	0
0.4588	0
0.4588	0
0.2023	0
0.6705	1
0.7717	1
0.2732	0
-0.6486	-1
0.0	0
0.5719	1
0.5337	1
0.4588	0
0.7742	1
-0.3182	0
0.658	1
0.4588	0
-0.2342	0
0.4588	0
0.6808	1
-0.357	0
0.2263	0
0.5574	1
0.4588	0
0.7506	1
0.9305	1
0.0772	0
0.6467	1
0.4826	0
0.8591	1
0.4588	0
-0.3818	0
0.3049	0
0.2023	0
0.1516	0
0.7269	1
0.4588	0
0.1027	0
0.4588	0
0.5859	1
-0.1027	0
0.7003	1
0.4404	0
-0.2263	0
0.4588	0
0.5859	1
0.8271	1
0.4199	0
0.5719	1
0.4601	0
0.6486	1
0.0772	0
0.6597	1
0.2263	0
0.4588	0
0.5423	1
0.4588	0
0.0258	0
0.2086	0
0.6908	1
-0.6961	-1
0.4926	0
0.6114	1
0.5719	1
0.4588	0
0.0	0
0.2306	0
-0.4512	0
0.4588	0
0.1027	0
-0.3818	0
-0.0772	0
-0.8784	-1
-0.8455	-1
-0.2887	0
0.2263	0
0.3581	0
0.5878	1
0.1027	0
0.1901	0
0.7783	1
0.2263	0
0.0	0
0.128	0
-0.7096	-1
0.5106	1
-0.6597	-1
-0.1531	0
0.1027	0
0.765	1
0.7494	1
0.8158	1
-0.3182	0
0.8625	1
0.7177	1
0.755	1
-0.0772	0
0.7096	1
0.636	1
-0.7096	-1
0.3818	0
0.4588	0
0.4588	0
0.4588	0
-0.2263	0
0.2023	0
0.4588	0
0.101	0
0.4588	0
-0.1315	0
0.1007	0
0.1779	0
0.4588	0
0.1779	0
0.7901	1
0.6139	1
0.34	0
0.7269	1
0.9287	1
0.7717	1
0.4588	0
0.6597	1
-0.0516	0
0.6369	1
0.4588	0
0.5904	1
0.5106	1
0.7845	1
0.7184	1
0.8436	1
0.7964	1
0.0258	0
0.5574	1
0.2023	0
0.5093	1
0.2023	0
0.2773	0
0.2023	0
0.4588	0
-0.7166	-1
0.2023	0
0.3182	0
0.4588	0
0.5983	1
0.8395	1
0.2263	0
0.0258	0
0.2263	0
0.4588	0
0.6786	1
-0.128	0
0.4588	0
-0.2732	0
0.2228	0
0.7351	1
0.25	0
0.7096	1
0.4019	0
0.1779	0
0.1779	0
0.2942	0
-0.1027	0
-0.3818	0
0.6369	1
0.1516	0
0.0	0
0.7236	1
0.5859	1
0.0688	0
0.0	0
0.1154	0
-0.6488	-1
0.5859	1
-0.0772	0
-0.5473	-1
0.6351	1
0.7351	1
0.2732	0
-0.4019	0
-0.1027	0
-0.7227	-1
0.3182	0
0.1386	0
-0.0258	0
-0.5187	-1
0.6249	1
0.3182	0
0.6523	1
0.1779	0
0.4559	0
0.0258	0
0.5609	1
0.1027	0
0.5859	1
0.4588	0
0.7269	1
0.7096	1
-0.2263	0
0.4588	0
0.2732	0
0.5709	1
0.2023	0
0.7856	1
0.4329	0
-0.4215	0
0.5423	1
0.4588	0
-0.0258	0
0.6494	1
0.7251	1
0.296	0
0.0352	0
0.4588	0
0.4588	0
0.2023	0
0.4588	0
0.8072	1
0.4588	0
0.3802	0
0.5538	1
0.4588	0
0.1516	0
0.6705	1
-0.25	0
0.2263	0
0.1759	0
0.1027	0
0.4588	0
0.1511	0
0.5423	1
0.128	0
0.4588	0
-0.0516	0
0.5994	1
0.7339	1
-0.0516	0
0.4588	0
0.5574	1
0.3866	0
0.7184	1
-0.8765	-1
0.0571	0
-0.2263	0
0.4588	0
-0.0772	0
0.8442	1
-0.1531	0
0.4588	0
-0.5615	-1
-0.8769	-1
0.4588	0
0.5994	1
0.4588	0
0.4184	0
0.4588	0
0.296	0
0.5766	1
-0.7983	-1
0.2008	0
-0.0772	0
-0.2003	0
0.6786	1
0.7964	1
0.296	0
0.4574	0
-0.128	0
0.4588	0
-0.25	0
0.2263	0
0.6786	1
-0.126	0
0.4404	0
0.68	1
0.7845	1
0.5093	1
0.25	0
0.5859	1
0.8268	1
0.5106	1
-0.1596	0
0.4201	0
0.807	1
0.5423	1
-0.2732	0
-0.0772	0
0.3476	0
0.25	0
0.2263	0
0.4588	0
0.6786	1
0.2732	0
0.2263	0
-0.5574	-1
0.2023	0
-0.296	0
0.5255	1
0.7096	1
0.1027	0
-0.901	-1
0.4588	0
0.3612	0
0.2263	0
0.5093	1
0.2732	0
0.4588	0
0.5093	1
-0.6486	-1
-0.0772	0
0.4588	0
0.0258	0
0.4588	0
-0.3612	0
0.2263	0
-0.0772	0
-0.1027	0
0.5574	1
-0.5267	-1
-0.6705	-1
0.2732	0
0.7906	1
0.0	0
0.8192	1
0.4767	0
0.0	0
0.7269	1
0.4588	0
-0.2732	0
0.1431	0
0.4588	0
0.6369	1
-0.1759	0
-0.0516	0
-0.0516	0
0.4357	0
0.4588	0
0.5574	1
0.7003	1
0.5423	1
0.296	0
0.4767	0
0.5423	1
0.2263	0
0.784	1
0.4588	0
0.6705	1
0.7269	1
-0.4854	0
-0.0772	0
0.4588	0
-0.6369	-1
0.5562	1
0.2023	0
0.4588	0
0.3885	0
0.1516	0
0.7096	1
-0.0772	0
0.6486	1
0.6486	1
0.4588	0
0.2263	0
0.7269	1
0.2331	0
0.5562	1
0.4588	0
-0.0516	0
0.296	0
-0.0516	0
0.4588	0
0.4588	0
0.4588	0
0.886	1
-0.3802	0
0.7783	1
-0.5334	-1
-0.2481	0
-0.0772	0
0.6553	1
0.2023	0
-0.0516	0
0.2263	0
0.4588	0
0.6808	1
0.2023	0
0.25	0
-0.4173	0
-0.0516	0
0.7579	1
0.5719	1
0.4588	0
-0.4939	0
0.2023	0
0.5994	1
-0.1779	0
-0.5106	-1
0.7096	1
-0.0772	0
0.5994	1
0.4588	0
0.69	1
0.4215	0
0.7783	1
0.7184	1
-0.4215	0
0.2263	0
0.1027	0
0.4939	0
0.4588	0
0.7096	1
0.2263	0
-0.296	0
0.2023	0
0.3477	0
-0.6517	-1
-0.0772	0
0.0516	0
0.836	1
0.6369	1
0.7003	1
0.2263	0
0.536	1
0.8625	1
0.3818	0
0.4708	0
0.25	0
0.4215	0
0.4404	0
0.8602	1
0.8264	1
0.3818	0
-0.1984	0
0.4888	0
0.2263	0
0.6486	1
0.4588	0
0.6908	1
0.1027	0
0.3818	0
0.3182	0
0.4767	0
-0.5106	-1
0.2481	0
0.0	0
0.7959	1
0.2263	0
0.2263	0
0.5574	1
-0.0772	0
0.5859	1
0.4404	0
0.2023	0
0.1779	0
-0.6111	-1
0.3041	0
0.2263	0
0.5994	1
0.6808	1
0.8625	1
-0.8424	-1
0.7003	1
0.0	0
0.7339	1
-0.7297	-1
0.3278	0
0.5106	1
0.7184	1
0.4588	0
0.5423	1
0.5994	1
-0.3626	0
-0.5688	-1
-0.34	0
0.2023	0
-0.4588	0
0.0	0
0.5423	1
0.6705	1
-0.0516	0
-0.5688	-1
0.4588	0
0.4588	0
0.2263	0
-0.1511	0
-0.4404	0
-0.0752	0
0.5423	1
0.6996	1
0.4588	0
-0.1295	0
-0.1027	0
-0.6908	-1
0.2263	0
-0.4574	0
-0.0516	0
0.8777	1
0.2942	0
0.743	1
0.4588	0
0.2263	0
-0.2023	0
0.9365	1
0.0772	0
0.4019	0
0.5423	1
0.0	0
0.4588	0
0.5106	1
-0.6369	-1
0.2023	0
0.4588	0
0.2023	0
0.128	0
-0.0258	0
0.836	1
0.5423	1
0.2732	0
-0.34	0
0.4588	0
0.2263	0
0.5859	1
-0.7351	-1
0.4588	0
0.2023	0
-0.0772	0
0.34	0
-0.6369	-1
0.2023	0
0.2263	0
-0.784	-1
0.128	0
0.1531	0
-0.34	0
0.5423	1
0.2263	0
0.3612	0
0.2263	0
0.6597	1
0.1096	0
0.6369	1
0.7845	1
-0.0772	0
0.5178	1
0.1154	0
0.5859	1
0.629	1
0.25	0
0.25	0
0.743	1
-0.2732	0
0.2263	0
-0.4404	0
0.4588	0
0.3818	0
0.507	1
0.7672	1
0.5719	1
0.5719	1
-0.2732	0
0.5719	1
0.7964	1
0.644	1
0.6908	1
-0.0772	0
0.471	0
0.128	0
-0.2732	0
0.2263	0
0.0516	0
0.4588	0
-0.0516	0
-0.4926	0
-0.092	0
0.2263	0
0.2732	0
0.4588	0
0.4588	0
0.7184	1
0.5994	1
0.4588	0
-0.0516	0
0.7096	1
0.3036	0
0.0258	0
-0.1779	0
0.4588	0
0.8316	1
-0.2732	0
-0.0516	0
-0.4019	0
0.0772	0
0.4588	0
0.8016	1
0.0258	0
0.4588	0
0.6059	1
0.9062	1
-0.34	0
0.7269	1
0.5399	1
0.4215	0
0.2263	0
-0.4939	0
0.4588	0
0.8294	1
-0.0516	0
0.7717	1
0.471	0
0.4184	0
-0.5267	-1
0.6369	1
0.7269	1
0.7322	1
0.2263	0
0.1027	0
0.5994	1
-0.5994	-1
0.7402	1
0.2263	0
-0.296	0
-0.3818	0
-0.0772	0
-0.0516	0
-0.1984	0
0.7269	1
0.8122	1
0.1027	0
0.7003	1
-0.5423	-1
0.2023	0
0.6124	1
0.4019	0
-0.0772	0
0.2263	0
0.6124	1
-0.5267	-1
-0.1779	0
-0.3182	0
0.4199	0
-0.6458	-1
0.296	0
0.7096	1
0.6696	1
-0.2617	0
0.2263	0
0.7351	1
0.4767	0
0.5267	1
0.2263	0
0.5719	1
0.7694	1
0.2023	0
0.7964	1
0.5994	1
0.5994	1
0.2263	0
-0.6669	-1
-0.0516	0
0.7845	1
0.4588	0
0.25	0
0.2263	0
0.1177	0
0.5994	1
0.7096	1
0.3278	0
-0.3952	0
0.2023	0
0.2263	0
-0.0	0
0.0	0
0.0	0
0.1027	0
0.7424	1
0.8172	1
0.2023	0
-0.5423	-1
0.7579	1
-0.5994	-1
0.4019	0
0.3453	0
0.2263	0
0.8622	1
-0.7554	-1
0.7003	1
-0.0516	0
-0.4389	0
0.4588	0
0.5994	1
0.3578	0
-0.0772	0
-0.5423	-1
-0.0516	0
-0.34	0
-0.5859	-1
0.8513	1
0.2263	0
-0.2732	0
-0.6486	-1
0.4588	0
-0.0516	0
0.3818	0
0.3818	0
-0.802	-1
0.4721	0
0.296	0
-0.5719	-1
-0.2023	0
0.6597	1
-0.5423	-1
0.3818	0
0.0	0
0.802	1
0.5994	1
0.6209	1
0.5859	1
0.2023	0
-0.1511	0
0.7579	1
0.2714	0
0.765	1
-0.0516	0
-0.5106	-1
0.8172	1
0.3869	0
0.5859	1
0.4019	0
0.4939	0
-0.4404	0
0.2942	0
-0.0516	0
-0.1779	0
0.6696	1
0.2263	0
-0.0516	0
0.2023	0
-0.0772	0
0.2263	0
0.2263	0
0.2263	0
0.3612	0
0.765	1
0.4588	0
-0.126	0
-0.2732	0
-0.2732	0
0.4588	0
0.4588	0
0.4501	0
0.5093	1
0.1027	0
0.5859	1
0.6239	1
-0.2023	0
-0.1779	0
0.3612	0
-0.0516	0
0.5859	1
0.2023	0
0.5423	1
-0.5106	-1
0.296	0
0.7156	1
0.4588	0
-0.0516	0
0.2869	0
0.2263	0
-0.0772	0
0.4588	0
0.2263	0
0.5802	1
0.0258	0
0.2263	0
0.2263	0
-0.128	0
-0.5423	-1
-0.0516	0
-0.0772	0
-0.0516	0
0.296	0
0.2263	0
0.2263	0
0.7734	1
-0.0516	0
0.2023	0
0.4588	0
-0.1779	0
0.25	0
0.2263	0
0.2263	0
0.5093	1
-0.128	0
0.2263	0
-0.0516	0
0.2263	0
0.3612	0
0.0431	0
-0.0516	0
0.2263	0
-0.0772	0
0.2023	0
-0.1027	0
0.2263	0
0.5106	1
0.2263	0
-0.4836	0
0.1769	0
0.4588	0
0.8316	1
-0.7184	-1
0.2263	0
0.3892	0
0.4588	0
0.5473	1
0.1027	0
0.1516	0
0.2937	0
0.5423	1
-0.3376	0
0.4588	0
-0.3182	0
0.3802	0
0.2023	0
0.2732	0
0.6597	1
0.2263	0
0.4588	0
0.4588	0
0.2263	0
0.4588	0
0.5204	1
-0.6675	-1
0.2263	0
0.6908	1
0.1027	0
0.6908	1
0.4588	0
0.4588	0
-0.1531	0
0.4939	0
0.0243	0
-0.0038	0
0.4939	0
0.4588	0
0.6369	1
0.8126	1
-0.3595	0
-0.8374	-1
-0.128	0
0.2263	0
0.5423	1
0.4588	0
0.4588	0
0.4588	0
0.0603	0
0.7096	1
-0.1295	0
0.4215	0
0.1531	0
0.296	0
-0.4215	0
0.807	1
-0.3182	0
-0.0516	0
0.296	0
0.4976	0
0.1516	0
0.6705	1
0.4588	0
0.4588	0
0.5684	1
0.2263	0
-0.0772	0
0.875	1
0.5848	1
-0.8834	-1
0.6486	1
0.4588	0
0.1531	0
0.4588	0
0.5719	1
0.6486	1
0.4588	0
0.4588	0
0.4588	0
-0.1154	0
0.0	0
-0.4215	0
0.4588	0
0.7003	1
0.4588	0
0.802	1
0.7717	1
0.34	0
0.0	0
-0.1045	0
0.6705	1
0.4588	0
-0.1759	0
0.8705	1
0.4939	0
0.644	1
0.2263	0
0.5093	1
0.1027	0
0.0	0
-0.1779	0
0.2263	0
0.4588	0
0.6486	1
0.2263	0
-0.6249	-1
0.0	0
0.25	0
0.0258	0
0.4588	0
-0.0258	0
0.594	1
-0.2023	0
0.4588	0
0.4767	0
0.5093	1
-0.7319	-1
0.0422	0
0.0258	0
0.2263	0
0.4588	0
0.2263	0
0.7783	1
0.25	0
0.4588	0
-0.3802	0
-0.1226	0
0.5106	1
0.6486	1
0.6486	1
0.2263	0
0.4588	0
0.7207	1
-0.7757	-1
0.0956	0
0.4404	0
0.4588	0
-0.0516	0
-0.2732	0
0.6908	1
0.7964	1
-0.8625	-1
0.1531	0
-0.3049	0
0.4939	0
0.0	0
0.2263	0
0.4588	0
0.0	0
0.7506	1
0.5423	1
-0.699	-1
0.7531	1
0.6908	1
0.4588	0
-0.4731	0
0.765	1
0.2732	0
-0.2558	0
0.4588	0
0.296	0
-0.4019	0
0.5994	1
0.3753	0
-0.2263	0
-0.0516	0
0.6666	1
0.4869	0
0.4588	0
0.2714	0
0.25	0
0.4588	0
0.4588	0
-0.1511	0
0.0	0
0.743	1
0.4588	0
0.4588	0
0.4215	0
0.2263	0
0.2263	0
0.6124	1
-0.2732	0
0.8591	1
-0.0258	0
0.2263	0
0.224	0
-0.8271	-1
0.2023	0
0.3626	0
-0.5766	-1
-0.0772	0
-0.2362	0
0.4588	0
-0.2755	0
0.4588	0
0.0	0
0.0	0
-0.2924	0
0.1027	0
0.8625	1
0.2263	0
-0.0516	0
0.5423	1
-0.409	0
0.7003	1
-0.9236	-1
-0.5719	-1
0.7096	1
0.1516	0
-0.1511	0
0.3031	0
0.802	1
-0.2732	0
0.4588	0
0.4588	0
0.2263	0
0.5423	1
0.0	0
0.5423	1
0.7564	1
0.1531	0
0.8225	1
0.4588	0
0.5093	1
-0.1027	0
0.4588	0
-0.4404	0
0.6705	1
0.5574	1
0.5399	1
0.4588	0
0.5095	1
0.7834	1
-0.0516	0
-0.4404	0
0.4588	0
0.4588	0
0.6341	1
0.4588	0
0.296	0
0.5574	1
0.8313	1
0.7793	1
0.0258	0
0.25	0
0.0	0
0.4926	0
0.343	0
0.4588	0
0.7841	1
0.4215	0
0.4588	0
0.2023	0
0.4588	0
0.4588	0
-0.3452	0
0.5423	1
-0.128	0
0.4588	0
0.4588	0
0.4588	0
0.126	0
0.6908	1
0.4588	0
-0.0516	0
0.2023	0
-0.0516	0
-0.126	0
-0.1469	0
0.296	0
-0.4939	0
-0.0258	0
0.4588	0
0.2003	0
-0.631	-1
-0.0772	0
0.5859	1
-0.0516	0
0.0	0
0.2263	0
0.4588	0
0.5859	1
-0.6369	-1
0.7553	1
0.4588	0
0.2263	0
0.0772	0
0.3612	0
-0.4924	0
0.5719	1
0.6908	1
-0.0516	0
0.024	0
0.3612	0
0.8157	1
0.4588	0
-0.0516	0
0.4588	0
0.3818	0
0.6082	1
0.1027	0
0.1027	0
0.6124	1
0.4588	0
0.802	1
0.4588	0
-0.0516	0
0.6908	1
0.5719	1
0.4588	0
0.6239	1
0.2263	0
-0.0516	0
0.0258	0
0.4019	0
0.5267	1
0.0	0
0.1531	0
0.2263	0
0.4588	0
0.4939	0
0.4588	0
0.1516	0
-0.2732	0
0.8497	1
0.2263	0
0.4588	0
0.5574	1
0.4588	0
0.6597	1
0.2263	0
0.4588	0
0.8268	1
0.1027	0
0.6908	1
0.4588	0
-0.0516	0
0.296	0
0.7345	1
0.7034	1
0.5859	1
0.296	0
-0.5267	-1
0.2263	0
0.4588	0
-0.0516	0
-0.2732	0
0.4588	0
-0.128	0
0.128	0
-0.1027	0
0.4588	0
0.4588	0
-0.25	0
-0.0516	0
0.4588	0
0.126	0
0.9136	1
0.9222	1
0.4215	0
0.0772	0
-0.0516	0
0.4588	0
0.4588	0
0.4588	0
0.7096	1
0.4588	0
0.7739	1
0.4588	0
0.8074	1
0.4588	0
0.7178	1
0.5093	1
0.2263	0
0.2263	0
0.2263	0
-0.25	0
0.4588	0
0.0516	0
0.2263	0
0.3581	0
0.4588	0
0.6124	1
0.4588	0
0.0	0
0.6808	1
0.4588	0
0.5994	1
0.0	0
0.3257	0
0.6486	1
0.0	0
0.4588	0
0.2023	0
0.2263	0
0.2263	0
0.4588	0
0.4588	0
0.2023	0
0.765	1
0.6719	1
0.7096	1
0.1516	0
0.4588	0
0.0	0
0.4588	0
-0.4019	0
0.5859	1
0.765	1
-0.357	0
0.3818	0
0.0772	0
0.0772	0
0.4939	0
0.0	0
-0.2846	0
0.6419	1
0.6486	1
-0.1779	0
0.4588	0
-0.357	0
0.4588	0
0.4588	0
0.4588	0
-0.1027	0
0.6369	1
0.4588	0
0.4588	0
0.3885	0
0.4588	0
0.2023	0
0.1027	0
-0.357	0
0.6808	1
0.8074	1
0.4588	0
0.7304	1
0.1516	0
0.7717	1
0.4588	0
0.2023	0
-0.1027	0
0.5719	1
0.3612	0
-0.4019	0
0.4588	0
0.1027	0
-0.1027	0
0.7358	1
0.3818	0
0.4588	0
0.4588	0
0.1027	0
0.6331	1
0.3818	0
0.0772	0
0.0	0
0.4588	0
0.4019	0
0.4588	0
0.4588	0
0.4588	0
0.4588	0
0.0	0
0.3612	0
0.4588	0
0.0258	0
0.5562	1
0.5562	1
0.0	0
0.0772	0
0.1027	0
0.0	0
0.54	1
0.4588	0
0.6249	1
0.4588	0
0.3818	0
0.7717	1
-0.1779	0
0.5106	1
0.4588	0
0.7783	1
0.1761	0
0.6275	1
0.34	0
0.4588	0
0.4588	0
0.4588	0
0.3818	0
0.4588	0
0.6908	1
0.1531	0
0.3716	0
0.6124	1
0.4588	0
0.5267	1
0.0	0
0.296	0
0.8331	1
0.1027	0
0.5574	1
0.7184	1
0.4588	0
0.4588	0
0.7351	1
0.4588	0
0.2023	0
0.0772	0
-0.0258	0
0.4404	0
0.7184	1
0.6249	1
0.6808	1
0.3818	0
0.4588	0
0.4588	0
0.4588	0
0.4588	0
0.6369	1
0.0	0
0.4588	0
0.5719	1
0.4588	0
0.4588	0
0.7906	1
-0.5544	-1
0.7935	1
0.6486	1
0.4588	0
0.4588	0
0.5046	1
0.4588	0
0.1027	0
0.4588	0
0.2263	0
0.4588	0
0.4588	0
-0.2846	0
0.6808	1
0.4588	0
0.0	0
0.1027	0
0.2263	0
-0.5904	-1
0.7184	1
0.4588	0
0.0772	0
0.4976	0
0.7304	1
0.296	0
0.1027	0
-0.4588	0
0.4588	0
0.4588	0
0.5267	1
0.5574	1
0.4588	0
0.1516	0
0.6249	1
0.4588	0
0.4588	0
-0.2846	0
0.4588	0
-0.5648	-1
0.5859	1
-0.0772	0
0.6908	1
-0.357	0
0.4588	0
0.2263	0
0.5242	1
0.6588	1
0.3818	0
-0.0772	0
0.0516	0
0.7096	1
-0.0258	0
0.4588	0
0.4588	0
0.743	1
0.5574	1
0.0772	0
0.4588	0
0.5574	1
0.4588	0
0.4588	0
0.784	1
0.8271	1
0.4588	0
0.2263	0
0.1027	0
0.6124	1
0.4588	0
0.2263	0
0.2263	0
0.4588	0
0.2263	0
0.0	0
0.2263	0
0.802	1
0.6597	1
0.4588	0
0.2023	0
0.4588	0
0.6476	1
-0.0516	0
0.4588	0
0.4417	0
0.4588	0
0.5048	1
0.5859	1
0.8475	1
0.4019	0
0.4588	0
0.1516	0
0.4588	0
0.2263	0
0.0	0
0.4588	0
0.5574	1
-0.5574	-1
0.1926	0
0.2263	0
0.0	0
-0.123	0
0.4215	0
-0.0757	0
-0.0093	0
0.5204	1
0.69	1
0.4588	0
-0.0516	0
-0.0772	0
0.0	0
0.7783	1
0.1154	0
0.2023	0
0.0	0
0.3041	0
0.6908	1
0.7096	1
0.2263	0
-0.6486	-1
0.6652	1
0.6705	1
0.6249	1
0.4588	0
0.4588	0
-0.0772	0
0.7003	1
0.5267	1
-0.3612	0
0.5423	1
-0.3612	0
0.296	0
0.8172	1
0.7184	1
0.5423	1
-0.1531	0
-0.4939	0
0.4588	0
0.6061	1
0.1779	0
0.4588	0
-0.296	0
0.0258	0
0.6705	1
0.3612	0
-0.4767	0
0.0735	0
-0.8708	-1
0.7832	1
0.25	0
0.4588	0
0.4588	0
0.2023	0
-0.8271	-1
-0.765	-1
-0.6428	-1
-0.7003	-1
0.5859	1
0.4215	0
0.4588	0
-0.296	0
-0.7804	-1
0.3818	0
-0.5222	-1
0.1516	0
-0.3431	0
0.5423	1
0.128	0
-0.1531	0
0.0156	0
0.2263	0
-0.2023	0
-0.5859	-1
0.3612	0
-0.0772	0
0.2263	0
0.4588	0
0.1027	0
0.7351	1
0.5574	1
-0.34	0
0.2023	0
0.128	0
0.6486	1
0.4019	0
0.5093	1
-0.8063	-1
-0.5319	-1
0.4588	0
-0.0516	0
0.4588	0
0.34	0
0.4588	0
0.0915	0
0.5574	1
-0.3818	0
0.5423	1
-0.7786	-1
0.4588	0
0.2263	0
0.6908	1
-0.2263	0
-0.2263	0
0.4588	0
0.743	1
0.741	1
0.5423	1
0.4767	0
0.4588	0
0.296	0
0.1779	0
-0.6124	-1
0.6705	1
0.5574	1
0.3612	0
0.4215	0
0.4588	0
0.7783	1
0.5719	1
-0.0258	0
-0.092	0
0.2732	0
0.7184	1
-0.2023	0
0.296	0
0.6249	1
0.7184	1
0.0772	0
-0.743	-1
0.2023	0
-0.4389	0
0.2023	0
-0.3195	0
-0.3171	0
0.6662	1
0.2263	0
0.4939	0
0.2484	0
0.2263	0
0.0	0
0.4588	0
0.1516	0
0.7184	1
0.2263	0
0.4588	0
0.128	0
0.5574	1
-0.0772	0
0.2023	0
0.4588	0
0.3182	0
0.5423	1
-0.5267	-1
0.7351	1
-0.5106	-1
0.1027	0
0.4767	0
0.5878	1
0.2023	0
0.5574	1
0.1852	0
-0.2732	0
0.2263	0
0.4767	0
-0.8605	-1
0.4588	0
0.5423	1
0.2263	0
0.4215	0
0.2023	0
0.555	1
-0.1759	0
0.6239	1
0.6808	1
0.2023	0
0.34	0
-0.0516	0
0.4404	0
0.0	0
0.8274	1
-0.6888	-1
0.3818	0
0.5256	1
-0.6048	-1
0.2263	0
0.1027	0
0.5423	1
0.2263	0
0.4588	0
-0.0772	0
0.4588	0
-0.6633	-1
0.6808	1
0.1779	0
0.4588	0
0.2263	0
0.2263	0
0.5574	1
-0.0516	0
0.2263	0
0.6124	1
0.4588	0
0.6114	1
-0.1531	0
0.2023	0
0.5859	1
0.4588	0
-0.1531	0
0.1027	0
-0.1531	0
-0.7783	-1
0.4588	0
0.2023	0
0.296	0
0.1027	0
0.2023	0
0.0923	0
0.2263	0
0.4588	0
-0.8205	-1
-0.4019	0
0.2263	0
0.5994	1
0.8271	1
0.4588	0
0.1027	0
-0.5916	-1
0.5859	1
0.1027	0
-0.1295	0
0.296	0
0.4215	0
0.0258	0
0.2023	0
0.2023	0
0.2023	0
-0.4588	0
0.5859	1
0.4588	0
0.4404	0
0.2023	0
0.2023	0
0.2263	0
0.2023	0
0.2023	0
0.2263	0
0.1516	0
0.7184	1
0.4588	0
0.9389	1
0.8122	1
0.5423	1
0.8979	1
0.6124	1
0.836	1
0.3291	0
0.4588	0
0.7845	1
0.4588	0
0.0	0
0.4588	0
0.2714	0
0.4588	0
0.4588	0
0.4215	0
0.5423	1
0.835	1
0.128	0
0.6908	1
-0.3348	0
0.2263	0
0.34	0
0.802	1
-0.1027	0
0.4588	0
0.2263	0
0.2682	0
0.6486	1
0.2023	0
-0.4019	0
-0.5213	-1
0.1516	0
0.4826	0
0.3818	0
0.4588	0
-0.2023	0
0.4588	0
-0.128	0
0.1027	0
0.6786	1
0.8658	1
0.2023	0
0.2071	0
0.7964	1
0.7269	1
0.2263	0
-0.1531	0
0.4588	0
0.5423	1
0.8176	1
0.5574	1
0.8091	1
0.4767	0
0.0772	0
0.4588	0
-0.4215	0
-0.0516	0
0.6705	1
0.5574	1
0.3612	0
-0.247	0
0.1516	0
-0.2878	0
0.5346	1
0.4588	0
0.4404	0
0.0	0
-0.4215	0
0.5574	1
0.8172	1
0.8591	1
0.2263	0
-0.4873	0
0.2023	0
0.3182	0
0.2263	0
0.2263	0
0.5434	1
0.296	0
0.5574	1
-0.4215	0
0.5574	1
-0.2677	0
0.8705	1
0.4896	0
-0.0772	0
-0.34	0
0.2263	0
0.4588	0
0.4588	0
0.4588	0
-0.7133	-1
0.8271	1
-0.2556	0
0.7096	1
-0.6597	-1
0.2023	0
0.501	1
-0.0516	0
0.6533	1
0.2263	0
0.802	1
0.1516	0
0.2023	0
0.4588	0
-0.3818	0
-0.0516	0
-0.6124	-1
0.4588	0
0.7424	1
0.4588	0
0.4588	0
0.1516	0
0.4588	0
0.2263	0
0.4588	0
-0.2244	0
0.2263	0
0.7184	1
0.2023	0
-0.3818	0
0.4588	0
0.4588	0
0.4588	0
0.6808	1
0.4588	0
0.8442	1
0.802	1
0.4588	0
0.6486	1
0.2263	0
0.1531	0
0.7351	1
0.4588	0
0.0772	0
0.6705	1
0.4588	0
0.2023	0
0.4588	0
0.4588	0
0.802	1
0.4588	0
0.6705	1
0.0772	0
0.4588	0
0.4588	0
0.5256	1
0.6124	1
0.2714	0
0.5994	1
0.6486	1
0.2023	0
0.0258	0
0.4588	0
0.2023	0
0.1516	0
0.8316	1
0.5849	1
0.4588	0
-0.7319	-1
0.836	1
0.4588	0
0.4215	0
0.4588	0
0.4559	0
0.4588	0
0.802	1
0.7003	1
0.4588	0
-0.1813	0
0.3997	0
0.0	0
0.4588	0
0.4588	0
0.8462	1
0.2023	0
0.1516	0
0.7351	1
0.8271	1
0.3818	0
0.2263	0
0.4588	0
0.4588	0
0.4588	0
0.6908	1
0.4588	0
-0.4767	0
0.1516	0
0.4588	0
0.4588	0
0.6486	1
0.6908	1
0.0	0
0.0772	0
-0.0516	0
-0.7003	-1
-0.2732	0
-0.3182	0
-0.0464	0
0.4588	0
0.6239	1
0.4588	0
0.4588	0
0.128	0
0.5093	1
0.2415	0
0.4588	0
0.0772	0
0.4588	0
0.6249	1
0.4588	0
0.1779	0
0.7184	1
-0.0772	0
0.4588	0
-0.4351	0
0.4588	0
0.0772	0
0.7579	1
0.4703	0
0.2023	0
0.2263	0
-0.1027	0
0.802	1
0.1516	0
0.4588	0
0.2023	0
0.126	0
0.1511	0
0.5106	1
0.1027	0
0.4588	0
0.2263	0
0.2023	0
0.4588	0
0.4588	0
0.2023	0
0.4404	0
0.4767	0
-0.3612	0
-0.4374	0
0.4588	0
-0.8356	-1
0.4588	0
-0.1546	0
0.1516	0
-0.5574	-1
0.4588	0
0.8462	1
0.0516	0
0.25	0
0.0772	0
0.7906	1
0.5994	1
0.4588	0
0.9231	1
0.1027	0
0.7783	1
0.2714	0
0.7096	1
0.7845	1
0.1516	0
0.6249	1
0.0772	0
0.4588	0
0.4588	0
0.4588	0
0.6486	1
0.1027	0
0.7096	1
0.4588	0
-0.1363	0
0.8395	1
0.4588	0
0.296	0
0.9081	1
0.5093	1
0.802	1
0.128	0
0.2263	0
0.2714	0
-0.5994	-1
-0.1043	0
0.2942	0
0.4588	0
0.4588	0
-0.0258	0
0.3612	0
0.4588	0
0.6705	1
0.1516	0
0.5719	1
0.4588	0
0.6908	1
0.4588	0
0.0772	0
0.4588	0
0.0772	0
0.0	0
0.126	0
0.4588	0
0.802	1
0.4588	0
0.6486	1
-0.722	-1
0.7243	1
0.1516	0
0.296	0
0.6486	1
-0.2263	0
0.4588	0
0.2263	0
0.0772	0
0.3818	0
0.4588	0
0.9136	1
0.9136	1
0.8779	1
0.7345	1
0.0258	0
0.0992	0
0.4588	0
0.0772	0
0.4588	0
0.6249	1
0.4588	0
0.1516	0
0.4588	0
0.4588	0
0.4497	0
0.4404	0
0.4588	0
0.3182	0
0.2714	0
0.6908	1
0.3818	0
0.2263	0
0.4588	0
0.0772	0
0.8862	1
0.4404	0
0.4588	0
0.6486	1
-0.5859	-1
0.4588	0
0.5423	1
0.7269	1
0.4588	0
0.5093	1
0.1048	0
0.4588	0
-0.5267	-1
-0.0516	0
0.4588	0
0.2263	0
0.5093	1
0.1516	0
0.4588	0
0.4588	0
0.4215	0
0.4588	0
0.7184	1
0.296	0
0.4588	0
0.6808	1
0.4588	0
0.296	0
0.5994	1
0.2023	0
0.4588	0
0.5267	1
0.1516	0
0.4588	0
0.7506	1
0.2263	0
0.1027	0
-0.3612	0
-0.0772	0
0.8402	1
0.4588	0
0.4215	0
0.8885	1
0.2263	0
0.4588	0
0.6808	1
0.4588	0
0.6249	1
0.2263	0
0.1027	0
0.4588	0
0.4588	0
0.1516	0
-0.4588	0
0.5922	1
0.296	0
-0.2263	0
0.3818	0
0.296	0
0.5423	1
0.5093	1
0.4404	0
0.6597	1
0.1154	0
-0.0516	0
0.4588	0
-0.2023	0
0.7783	1
0.2023	0
-0.4939	0
0.802	1
0.8316	1
0.2263	0
0.2732	0
0.4588	0
0.6908	1
0.6808	1
-0.3182	0
0.1516	0
0.8114	1
0.2263	0
0.1027	0
0.4588	0
0.6369	1
0.7003	1
0.7269	1
0.8689	1
0.4588	0
0.2023	0
0.6369	1
0.1516	0
0.0	0
0.4588	0
0.8074	1
0.2263	0
0.8439	1
0.2263	0
0.2023	0
0.4939	0
0.4588	0
0.5093	1
0.5859	1
0.7793	1
0.802	1
0.7579	1
0.2263	0
0.6597	1
0.7096	1
-0.8683	-1
0.0772	0
0.4588	0
0.4588	0
0.2023	0
0.0772	0
0.9136	1
0.2263	0
0.4767	0
0.5859	1
-0.2263	0
0.4404	0
0.4588	0
0.6808	1
0.6486	1
0.6249	1
-0.2732	0
0.6705	1
-0.7003	-1
0.4588	0
0.1516	0
0.0	0
-0.3818	0
-0.6808	-1
0.5106	1
0.4588	0
0.4588	0
0.4588	0
0.5267	1
0.765	1
0.6908	1
0.7269	1
0.2263	0
0.4215	0
0.6808	1
0.4588	0
0.1216	0
0.2263	0
0.2023	0
0.4588	0
0.2263	0
0.4588	0
0.5552	1
0.6486	1
0.6908	1
0.4588	0
0.5106	1
0.8811	1
0.7184	1
-0.34	0
-0.0895	0
0.4019	0
0.4588	0
0.4588	0
-0.4497	0
0.5423	1
0.4588	0
0.4767	0
0.3081	0
0.7783	1
0.2263	0
0.1154	0
0.2263	0
0.4336	0
0.2263	0
-0.3818	0
0.8591	1
0.5106	1
0.3612	0
0.4939	0
0.6486	1
0.4588	0
0.5093	1
-0.1027	0
0.6486	1
0.7506	1
0.7351	1
0.4588	0
0.0772	0
0.4588	0
0.5574	1
0.6124	1
0.802	1
0.7597	1
0.7003	1
0.6908	1
0.6808	1
0.7579	1
0.555	1
0.4588	0
0.6808	1
0.6808	1
0.7964	1
0.658	1
0.3164	0
0.25	0
0.6808	1
0.1516	0
0.4588	0
-0.25	0
0.4588	0
0.0772	0
0.0772	0
0.7717	1
-0.7469	-1
0.3818	0
0.6808	1
0.4588	0
0.5346	1
-0.6249	-1
0.4215	0
0.4588	0
0.7345	1
0.4019	0
0.4588	0
0.4588	0
0.6808	1
0.6808	1
0.7964	1
0.6808	1
0.128	0
0.4588	0
0.5859	1
0.4497	0
0.5859	1
-0.2732	0
0.4588	0
0.4588	0
-0.7469	-1
-0.7469	-1
0.6249	1
0.4588	0
0.0772	0
-0.1877	0
0.4588	0
0.2263	0
0.1027	0
0.2263	0
0.8519	1
0.4588	0
-0.0516	0
0.7269	1
0.4588	0
0.5719	1
0.1516	0
0.4588	0
0.3612	0
-0.7469	-1
0.6124	1
0.1531	0
0.3818	0
0.34	0
0.4588	0
0.2263	0
-0.0516	0
0.4588	0
0.872	1
0.7269	1
0.6597	1
0.8061	1
0.0772	0
0.1516	0
0.4588	0
0.4588	0
0.6808	1
0.4588	0
0.4588	0
0.4588	0
0.6808	1
-0.3477	0
0.2023	0
0.7712	1
0.0	0
0.6369	1
0.6115	1
0.5484	1
0.5719	1
0.4588	0
-0.3485	0
0.5448	1
0.4588	0
0.4588	0
0.7003	1
0.7096	1
-0.1027	0
-0.25	0
0.5093	1
0.555	1
0.0	0
0.4588	0
0.4588	0
0.8689	1
0.4588	0
0.4588	0
0.6344	1
0.4588	0
0.4588	0
0.688	1
0.6533	1
0.3612	0
0.0	0
0.7096	1
0.1516	0
0.6943	1
0.6808	1
0.6808	1
0.0	0
0.2263	0
0.4588	0
0.4588	0
0.4215	0
0.0516	0
0.2263	0
0.6597	1
0.6705	1
-0.128	0
0.2263	0
0.5719	1
-0.4779	0
0.4588	0
0.4588	0
0.0258	0
0.2023	0
0.7599	1
-0.0516	0
0.4588	0
0.0	0
0.2263	0
0.4588	0
0.2263	0
0.0258	0
-0.3477	0
0.3417	0
0.4588	0
0.7184	1
-0.0516	0
0.2263	0
0.5093	1
0.0258	0
0.2263	0
0.6597	1
0.4588	0
0.7096	1
0.6369	1
0.25	0
0.4588	0
0.0772	0
0.4215	0
-0.1531	0
0.2714	0
0.7424	1
0.4588	0
0.6808	1
0.4588	0
0.1516	0
0.1027	0
0.7351	1
-0.2732	0
0.4588	0
0.2263	0
0.4588	0
0.4588	0
0.4588	0
0.2263	0
0.0772	0
0.6249	1
0.4588	0
0.3612	0
0.7184	1
0.4215	0
0.4588	0
0.7184	1
-0.1531	0
0.4588	0
0.6478	1
0.1516	0
0.8126	1
0.4588	0
0.4939	0
0.5859	1
0.4588	0
0.5859	1
0.802	1
0.4588	0
0.1779	0
0.5093	1
0.4588	0
0.8271	1
0.4588	0
0.6597	1
0.6696	1
0.2263	0
0.296	0
0.1779	0
0.2263	0
0.4404	0
0.802	1
0.4588	0
0.4588	0
0.4215	0
-0.4588	0
0.7906	1
0.6369	1
0.4588	0
0.2263	0
0.6597	1
0.2263	0
0.2732	0
0.7351	1
0.4588	0
0.2892	0
0.5093	1
0.802	1
0.4588	0
-0.296	0
0.4588	0
-0.0258	0
0.1516	0
0.4588	0
0.0258	0
0.2023	0
0.4588	0
0.4588	0
0.4939	0
-0.1263	0
0.4215	0
0.7003	1
0.3818	0
0.5994	1
0.2023	0
0.6879	1
0.7184	1
0.6908	1
0.4588	0
0.0772	0
0.4588	0
0.4588	0
0.4588	0
0.5574	1
0.296	0
0.1045	0
0.7178	1
0.4588	0
0.6661	1
0.4588	0
0.128	0
0.4588	0
0.2263	0
0.5574	1
-0.2316	0
-0.5709	-1
0.2263	0
0.4588	0
-0.126	0
0.5859	1
0.6908	1
-0.0772	0
0.1516	0
0.1027	0
0.4588	0
0.7184	1
0.2023	0
0.5719	1
0.128	0
0.4588	0
0.5859	1
0.4588	0
0.6908	1
0.4588	0
0.2023	0
0.2263	0
0.835	1
0.8779	1
-0.0772	0
0.6486	1
0.4939	0
0.4588	0
0.5859	1
0.2263	0
0.5859	1
0.4588	0
0.4588	0
0.2382	0
0.5574	1
0.5859	1
0.4588	0
0.4588	0
0.25	0
0.4588	0
0.1154	0
0.4588	0
0.6597	1
0.2023	0
0.2023	0
0.4588	0
0.4588	0
0.8607	1
0.4588	0
0.5719	1
0.7184	1
0.8779	1
0.1516	0
0.296	0
0.4588	0
0.296	0
0.6808	1
0.2023	0
0.4588	0
0.4588	0
0.4588	0
0.2263	0
0.4588	0
0.7003	1
0.2023	0
0.743	1
0.7906	1
0.4588	0
0.4588	0
0.5848	1
0.4588	0
0.4588	0
0.4588	0
0.6124	1
0.6486	1
0.7003	1
0.7184	1
0.802	1
-0.2732	0
0.6139	1
-0.2263	0
0.6981	1
0.8519	1
0.2942	0
0.4588	0
0.8225	1
0.4588	0
0.7003	1
0.7644	1
0.4588	0
-0.7608	-1
-0.0772	0
0.4588	0
0.4588	0
0.6486	1
0.0258	0
-0.6908	-1
0.2732	0
0.204	0
0.5994	1
0.5267	1
0.6476	1
0.5921	1
0.4588	0
0.5978	1
-0.1779	0
0.0258	0
0.0772	0
0.636	1
0.6597	1
0.7644	1
0.4588	0
0.4588	0
0.6908	1
0.4588	0
0.4588	0
0.5978	1
0.4588	0
0.5707	1
0.3612	0
0.0772	0
0.4588	0
0.6249	1
-0.3818	0
0.2263	0
0.357	0
0.7096	1
0.5859	1
0.2023	0
0.1516	0
0.3612	0
0.9046	1
0.4588	0
0.4588	0
0.7256	1
0.3612	0
0.5574	1
0.8689	1
0.6908	1
0.4215	0
0.4588	0
0.4588	0
0.6597	1
0.6597	1
0.4215	0
0.5927	1
-0.2732	0
0.7003	1
0.4588	0
0.6249	1
0.2023	0
0.4588	0
0.2263	0
0.8316	1
0.8271	1
0.4588	0
0.6969	1
0.5978	1
0.5574	1
0.7639	1
0.6597	1
0.4588	0
0.4588	0
0.4588	0
0.7783	1
0.1154	0
0.0772	0
0.1154	0
0.4588	0
0.4588	0
0.6908	1
0.4939	0
0.5859	1
0.5574	1
0.4588	0
0.2263	0
0.5859	1
0.6908	1
0.4588	0
0.4389	0
0.4588	0
0.555	1
0.5423	1
0.4588	0
0.4588	0
0.6486	1
0.6908	1
0.4588	0
0.765	1
0.5423	1
0.4588	0
0.5994	1
0.802	1
0.4588	0
0.3612	0
0.4588	0
0.25	0
0.2263	0
-0.357	0
0.4588	0
0.7184	1
0.4588	0
0.4588	0
0.2023	0
0.4588	0
0.2023	0
0.1516	0
0.0772	0
0.5859	1
0.2263	0
0.2023	0
0.6908	1
0.5423	1
0.2023	0
0.8316	1
0.5106	1
0.4588	0
0.7717	1
0.7034	1
0.2023	0
0.4588	0
0.4588	0
0.765	1
0.9042	1
-0.2263	0
0.4588	0
0.5267	1
-0.0387	0
0.4588	0
0.6211	1
0.4588	0
0.25	0
0.3365	0
0.4588	0
0.296	0
0.4215	0
0.3818	0
0.5106	1
0.8316	1
0.4588	0
0.2263	0
0.2263	0
0.6969	1
0.2263	0
0.4588	0
0.6808	1
0.4588	0
0.8113	1
0.8442	1
0.4588	0
0.3365	0
0.2263	0
-0.4588	0
0.7964	1
-0.128	0
0.4588	0
0.4588	0
0.4588	0
0.8402	1
0.25	0
0.836	1
0.7184	1
0.4588	0
0.4588	0
0.4588	0
0.4588	0
0.2263	0
0.5574	1
0.6808	1
-0.1779	0
0.4588	0
0.4588	0
0.2023	0
0.7425	1
0.0765	0
0.802	1
-0.296	0
0.2023	0
0.7003	1
0.2023	0
0.5267	1
0.6139	1
0.6908	1
0.119	0
0.4588	0
-0.4404	0
0.5983	1
0.4588	0
0.0516	0
0.4588	0
0.2263	0
-0.0516	0
0.3182	0
0.7644	1
0.4588	0
0.4588	0
0.4588	0
0.2263	0
0.2263	0
0.2263	0
-0.508	-1
0.2263	0
0.7184	1
0.7003	1
0.1516	0
0.4215	0
-0.1027	0
0.5562	1
0.2023	0
-0.128	0
0.4215	0
0.886	1
0.0516	0
0.3736	0
0.7497	1
0.8402	1
0.4588	0
0.4588	0
0.2023	0
0.7003	1
0.7269	1
0.4588	0
0.7184	1
0.4588	0
0.4588	0
0.4588	0
0.25	0
-0.2263	0
0.7568	1
-0.5106	-1
0.5204	1
0.8789	1
0.4588	0
-0.128	0
0.7184	1
0.5927	1
0.4588	0
0.6908	1
0.7643	1
0.2023	0
-0.0516	0
0.4588	0
0.7184	1
0.4588	0
0.4215	0
0.6757	1
0.3818	0
0.4588	0
0.4588	0
-0.2263	0
0.6908	1
0.4404	0
0.2263	0
0.2023	0
0.4588	0
0.4588	0
0.2023	0
0.128	0
0.7184	1
0.2023	0
0.5423	1
0.6908	1
0.4588	0
0.5859	1
-0.0516	0
0.4588	0
0.1779	0
0.7757	1
0.1516	0
0.6908	1
0.3818	0
0.25	0
0.7717	1
0.2263	0
0.2023	0
0.2263	0
0.6908	1
0.5093	1
0.7184	1
0.4588	0
-0.5623	-1
0.2263	0
0.3818	0
-0.296	0
0.4588	0
0.4588	0
0.5423	1
0.2023	0
0.4588	0
0.5994	1
0.2263	0
0.25	0
0.4588	0
0.7184	1
0.2023	0
0.5093	1
0.6908	1
0.4588	0
0.4588	0
0.2023	0
-0.2732	0
0.6476	1
0.6597	1
0.2023	0
0.1531	0
0.6908	1
0.5106	1
0.6687	1
0.836	1
0.4588	0
0.5413	1
0.4588	0
0.8225	1
0.2263	0
0.5574	1
0.4588	0
0.4588	0
-0.128	0
0.4588	0
0.5093	1
0.4404	0
0.4019	0
0.4588	0
0.2263	0
0.8316	1
-0.5423	-1
-0.3612	0
0.6908	1
0.4588	0
0.2263	0
0.6249	1
0.5574	1
0.2023	0
0.4588	0
0.6908	1
0.4588	0
0.4215	0
0.2263	0
0.6533	1
0.8834	1
0.5093	1
0.7003	1
0.8316	1
0.6597	1
0.0772	0
0.4588	0
0.5093	1
0.4588	0
0.4588	0
0.4588	0
0.4019	0
0.4588	0
0.4588	0
0.4588	0
0.4027	0
0.4588	0
0.2263	0
0.6908	1
0.4215	0
0.7096	1
0.6486	1
0.4588	0
0.2732	0
0.4588	0
-0.3612	0
0.2023	0
0.34	0
0.129	0
-0.0772	0
0.4588	0
0.4588	0
0.4588	0
-0.0516	0
0.2263	0
0.4588	0
0.4215	0
0.0516	0
0.4588	0
0.4588	0
0.4588	0
0.4588	0
0.128	0
0.4588	0
0.5719	1
0.1027	0
0.2732	0
0.4404	0
0.555	1
-0.0258	0
0.4588	0
0.2263	0
0.4588	0
0.7184	1
0.4588	0
0.7964	1
0.4588	0
0.7096	1
0.2263	0
-0.128	0
-0.0516	0
0.6187	1
0.4588	0
0.4588	0
0.6836	1
0.4588	0
0.4588	0
0.2263	0
0.4588	0
0.4019	0
0.4588	0
0.4588	0
0.7096	1
0.4588	0
0.4588	0
0.2263	0
0.2263	0
0.4215	0
0.4588	0
0.6249	1
0.7184	1
0.3818	0
0.7003	1
0.2263	0
0.4588	0
0.6908	1
0.4588	0
0.2263	0
0.5267	1
0.2023	0
0.2023	0
0.4588	0
0.2263	0
0.2023	0
0.2263	0
0.4588	0
0.2023	0
-0.4767	0
0.7184	1
0.128	0
0.8126	1
0.4588	0
0.6908	1
0.6139	1
0.9284	1
0.1027	0
0.2263	0
0.8655	1
0.7096	1
0.7003	1
0.4588	0
-0.0516	0
0.6808	1
0.7096	1
0.4588	0
0.6239	1
-0.0516	0
0.6705	1
0.4588	0
0.4588	0
0.4588	0
0.4588	0
0.2023	0
0.4588	0
0.5093	1
0.7351	1
0.5859	1
0.5719	1
0.3578	0
0.4588	0
0.7964	1
0.7096	1
0.2263	0
0.6124	1
0.4588	0
0.4588	0
-0.2732	0
0.7184	1
-0.0516	0
0.7351	1
0.7184	1
0.4588	0
0.2263	0
0.6908	1
0.4588	0
0.2023	0
0.4588	0
0.7003	1
0.4588	0
0.4588	0
-0.0516	0
0.4588	0
0.4215	0
0.0767	0
0.4588	0
0.7096	1
0.4588	0
0.4215	0
0.2263	0
-0.0516	0
0.7003	1
0.4588	0
0.4588	0
0.2263	0
0.4588	0
0.4767	0
0.7003	1
0.4588	0
0.4588	0
0.4588	0
0.4588	0
0.4588	0
0.4588	0
0.4588	0
0.2023	0
0.4588	0
0.5994	1
0.4588	0
0.4588	0
0.7184	1
-0.0772	0
0.4588	0
0.7003	1
0.6124	1
0.4588	0
0.4588	0
0.296	0
0.5859	1
0.6908	1
0.4588	0
0.4588	0
0.4588	0
0.4588	0
0.4588	0
0.4588	0
0.7845	1
0.4588	0
0.6369	1
0.2023	0
0.6103	1
-0.34	0
0.5434	1
0.6705	1
0.7184	1
0.7184	1
0.1593	0
0.4588	0
0.4588	0
0.4588	0
0.0258	0
0.0	0
0.5719	1
0.0	0
0.7351	1
0.6705	1
0.4588	0
0.4588	0
-0.3818	0
0.6908	1
0.4588	0
0.4588	0
0.1511	0
0.6124	1
0.4588	0
0.4588	0
0.7096	1
0.5093	1
0.2263	0
0.5093	1
0.4588	0
-0.2732	0
0.1516	0
0.4588	0
0.4588	0
0.4588	0
0.1027	0
0.25	0
0.5095	1
0.4588	0
0.2023	0
0.7184	1
0.2023	0
0.4588	0
0.2263	0
0.4588	0
0.6705	1
0.6908	1
0.6705	1
0.6908	1
0.802	1
0.5859	1
0.5859	1
0.7308	1
0.6124	1
0.6249	1
0.0	0
-0.0258	0
0.4588	0
0.2942	0
0.2263	0
0.6705	1
0.7841	1
0.0258	0
0.8389	1
0.7184	1
-0.0258	0
0.5106	1
0.4019	0
0.5994	1
0.743	1
0.2263	0
0.6908	1
-0.1027	0
0.34	0
-0.34	0
-0.2023	0
0.1706	0
0.1516	0
0.0	0
-0.2023	0
-0.1531	0
0.4588	0
-0.2732	0
-0.296	0
-0.34	0
0.4588	0
-0.2023	0
-0.2732	0
-0.4376	0
-0.2023	0
0.0	0
0.2263	0
0.128	0
0.3612	0
0.1027	0
0.5766	1
0.5803	1
0.5093	1
0.7964	1
0.3612	0
0.4588	0
0.2263	0
0.4588	0
0.7308	1
0.5423	1
-0.2023	0
0.4588	0
0.4588	0
0.2942	0
0.2263	0
0.0772	0
0.0	0
0.2714	0
-0.2023	0
-0.2023	0
0.2263	0
-0.4588	0
0.8553	1
0.5106	1
-0.2023	0
0.7096	1
-0.2023	0
0.1516	0
0.1027	0
0.8074	1
0.2263	0
0.4019	0
0.7506	1
0.2263	0
0.1027	0
0.2263	0
-0.5742	-1
0.6908	1
0.2263	0
0.0772	0
0.7345	1
0.4588	0
0.128	0
0.7096	1
0.6908	1
0.2996	0
0.5204	1
0.6508	1
0.4588	0
0.4588	0
-0.6652	-1
0.2263	0
-0.1027	0
-0.1779	0
0.7096	1
0.128	0
0.0772	0
0.0516	0
0.6124	1
0.1027	0
-0.4404	0
-0.3612	0
0.6908	1
0.7845	1
0.7184	1
0.2023	0
0.2263	0
0.4588	0
0.5994	1
0.4588	0
0.4588	0
0.1516	0
0.2023	0
0.7184	1
0.2023	0
0.2023	0
-0.2577	0
0.3182	0
0.2263	0
0.4939	0
0.624	1
0.4588	0
0.2263	0
0.128	0
0.7964	1
0.2023	0
0.2924	0
0.7096	1
-0.2809	0
0.5106	1
0.4588	0
-0.3612	0
0.7184	1
0.1516	0
-0.3612	0
0.6597	1
0.6124	1
0.5972	1
0.5719	1
0.743	1
0.765	1
0.2263	0
0.7412	1
0.6705	1
0.276	0
0.2023	0
0.1027	0
0.7184	1
0.4588	0
0.7096	1
-0.34	0
0.5423	1
0.2263	0
0.5994	1
0.6361	1
0.7096	1
0.5106	1
0.836	1
0.4588	0
0.6486	1
0.4588	0
0.25	0
0.7096	1
0.4497	0
0.296	0
0.7759	1
0.2263	0
0.2263	0
0.6908	1
0.2263	0
0.2023	0
0.6908	1
-0.0258	0
-0.1531	0
0.2263	0
0.6908	1
0.7269	1
0.368	0
0.6908	1
0.8481	1
0.2023	0
0.5267	1
0.2263	0
0.4215	0
0.4588	0
0.4588	0
0.7964	1
0.6486	1
0.6486	1
0.7184	1
0.2023	0
0.8807	1
0.8122	1
0.2263	0
0.2263	0
0.6705	1
0.8689	1
0.5106	1
0.3182	0
-0.4215	0
0.7184	1
0.6908	1
0.6486	1
0.7003	1
0.4588	0
-0.6652	-1
0.4588	0
0.4588	0
0.1779	0
0.2023	0
0.6597	1
0.4588	0
0.2023	0
0.2263	0
0.5423	1
0.8122	1
0.4588	0
0.4767	0
0.7184	1
0.4588	0
0.2023	0
0.4822	0
0.4588	0
0.6908	1
0.6908	1
0.2023	0
0.2023	0
0.6486	1
0.5859	1
0.2942	0
0.2263	0
0.5423	1
-0.4552	0
0.1531	0
0.4588	0
0.4588	0
0.5106	1
0.3612	0
0.6562	1
0.7964	1
0.2263	0
0.2023	0
0.6597	1
0.5267	1
0.1516	0
0.7096	1
0.7096	1
0.0	0
0.6908	1
0.6908	1
0.5267	1
0.2263	0
0.5423	1
0.4588	0
0.2263	0
0.2023	0
0.4019	0
0.2263	0
-0.1779	0
0.5423	1
0.4588	0
0.2263	0
0.4588	0
0.6908	1
0.5423	1
0.25	0
0.25	0
0.6597	1
0.6597	1
0.2263	0
0.2846	0
0.7184	1
0.6908	1
-0.1742	0
0.5574	1
0.4588	0
0.6908	1
0.2023	0
0.3182	0
-0.1571	0
0.6908	1
0.7627	1
0.25	0
0.4588	0
0.6124	1
0.25	0
0.4588	0
0.8442	1
0.7579	1
0.128	0
0.6705	1
0.0772	0
0.2023	0
0.7345	1
0.25	0
0.25	0
0.5766	1
0.7096	1
0.7003	1
0.0	0
0.2023	0
0.6908	1
0.0	0
-0.0258	0
0.4588	0
0.25	0
0.7906	1
0.2023	0
0.6486	1
0.4588	0
0.4588	0
0.2023	0
0.25	0
0.7402	1
0.4588	0
0.2023	0
0.2023	0
0.8139	1
0.0	0
0.8309	1
0.4768	0
0.4588	0
0.5859	1
0.2023	0
-0.1779	0
0.3818	0
0.7003	1
0.25	0
0.6706	1
0.6908	1
0.4588	0
0.7184	1
0.5574	1
0.7096	1
0.4588	0
0.4588	0
0.7096	1
0.5574	1
0.8225	1
0.2263	0
0.4588	0
0.8126	1
0.4588	0
0.0	0
0.8519	1
0.5719	1
0.4588	0
0.7783	1
0.2023	0
0.6486	1
0.7184	1
0.6486	1
0.6908	1
0.4588	0
0.4588	0
0.5423	1
0.4588	0
0.6486	1
0.0516	0
0.743	1
0.2023	0
0.6908	1
0.4588	0
0.4588	0
0.1154	0
0.4588	0
0.25	0
0.4588	0
0.4588	0
0.4404	0
0.4939	0
0.2023	0
0.4767	0
0.8442	1
0.7184	1
0.7003	1
-0.0516	0
0.6124	1
0.4588	0
0.25	0
0.4588	0
0.6996	1
0.4588	0
0.1516	0
0.4588	0
0.4588	0
-0.5859	-1
0.1154	0
-0.1027	0
0.7506	1
0.2023	0
0.4588	0
0.4588	0
-0.0464	0
-0.5074	-1
0.7184	1
0.2023	0
0.4588	0
0.7003	1
0.6597	1
-0.4939	0
0.7424	1
0.4588	0
-0.5106	-1
-0.1027	0
0.7096	1
0.4588	0
-0.1027	0
0.2263	0
0.4588	0
0.2023	0
0.4588	0
0.1516	0
0.9014	1
0.4588	0
0.5093	1
0.4588	0
0.6597	1
-0.2598	0
0.8442	1
-0.3818	0
0.4588	0
0.8842	1
0.4588	0
0.7184	1
0.4588	0
0.1154	0
0.4588	0
0.25	0
0.6808	1
-0.6808	-1
0.4588	0
0.4588	0
-0.3919	0
0.6124	1
0.7184	1
0.4588	0
0.0	0
0.128	0
0.4588	0
0.2263	0
0.8442	1
0.6908	1
0.4588	0
0.2263	0
0.4588	0
0.802	1
0.7184	1
0.6249	1
0.4588	0
0.0772	0
0.4588	0
0.5978	1
-0.6641	-1
0.7964	1
0.8011	1
0.4588	0
0.4588	0
0.5994	1
0.4588	0
0.4588	0
0.4588	0
0.4588	0
0.4588	0
0.4588	0
0.0	0
0.6486	1
0.2732	0
0.6249	1
0.4588	0
0.4588	0
0.4767	0
0.6486	1
0.4497	0
0.7783	1
-0.2732	0
0.5106	1
0.4588	0
0.4588	0
0.1779	0
0.802	1
0.4588	0
-0.4199	0
-0.0772	0
0.5962	1
0.5719	1
0.4588	0
0.4404	0
0.4588	0
0.555	1
0.4588	0
0.7003	1
0.8316	1
0.4588	0
0.4588	0
0.1063	0
0.802	1
-0.0772	0
0.4588	0
0.8271	1
0.4588	0
0.624	1
0.4588	0
0.2023	0
0.0	0
0.743	1
0.2023	0
0.4588	0
0.4588	0
0.4588	0
-0.2343	0
0.296	0
0.7003	1
0.4588	0
0.1154	0
0.4588	0
0.2263	0
0.8807	1
-0.1027	0
0.2023	0
0.4588	0
0.4588	0
0.8779	1
0.2714	0
0.2942	0
0.2263	0
0.7096	1
0.6124	1
0.2023	0
0.7184	1
0.7184	1
0.2023	0
0.4588	0
0.6486	1
0.2263	0
0.4588	0
0.4588	0
0.296	0
0.4588	0
0.1779	0
0.7351	1
0.4588	0
0.4588	0
0.6908	1
0.7096	1
0.6908	1
0.4588	0
0.1154	0
0.4588	0
0.8313	1
0.7184	1
0.6705	1
0.4588	0
0.1516	0
0.4588	0
0.4588	0
0.6486	1
0.4019	0
0.4588	0
0.9595	1
0.7351	1
0.6124	1
0.4588	0
0.4588	0
0.4588	0
0.4215	0
0.6486	1
0.4588	0
0.9558	1
0.4588	0
0.5574	1
0.4588	0
-0.128	0
0.6996	1
0.836	1
0.5983	1
0.6705	1
0.4588	0
0.5106	1
0.5423	1
-0.1027	0
0.802	1
0.4588	0
0.2103	0
0.4588	0
0.7096	1
0.0	0
0.6124	1
0.2023	0
0.4588	0
0.4588	0
0.5859	1
-0.2263	0
0.4588	0
0.2942	0
0.0	0
0.0772	0
0.3612	0
0.4588	0
0.3415	0
0.0258	0
-0.0258	0
0.4199	0
0.4588	0
0.7184	1
0.7184	1
0.4588	0
0.4588	0
0.4588	0
0.5859	1
0.7184	1
0.2263	0
0.4588	0
-0.2732	0
0.4588	0
0.1027	0
0.1027	0
0.6908	1
0.4199	0
0.2617	0
-0.128	0
0.7184	1
0.4588	0
0.9062	1
0.4588	0
0.2023	0
0.0516	0
0.1516	0
0.4588	0
0.4588	0
0.7345	1
0.7643	1
0.8271	1
0.1779	0
0.4588	0
0.4588	0
0.5106	1
-0.2732	0
0.25	0
0.2263	0
0.4588	0
0.1027	0
0.4588	0
0.2263	0
0.2263	0
0.4588	0
0.4588	0
0.8225	1
0.7269	1
0.7096	1
0.4767	0
-0.8555	-1
0.7351	1
0.6486	1
-0.4199	0
-0.1531	0
0.4588	0
0.4767	0
0.4588	0
0.5267	1
0.4588	0
0.7177	1
0.2263	0
-0.1531	0
-0.6486	-1
-0.0258	0
-0.0516	0
0.4588	0
0.128	0
0.4588	0
0.6988	1
0.3818	0
0.4588	0
0.7184	1
0.4588	0
0.3182	0
0.4588	0
0.5267	1
0.3182	0
-0.128	0
0.4588	0
0.4588	0
0.6369	1
0.4588	0
0.7424	1
0.4588	0
0.4588	0
0.8115	1
0.2942	0
0.3182	0
0.4588	0
0.5267	1
0.7184	1
0.1516	0
0.5093	1
0.8034	1
0.5574	1
0.4588	0
0.3257	0
0.2263	0
0.4588	0
0.4588	0
0.6124	1
0.5093	1
0.4588	0
0.4588	0
0.8807	1
0.7184	1
0.4588	0
0.1516	0
0.4588	0
0.6908	1
0.4588	0
0.4588	0
0.4939	0
0.2023	0
0.5574	1
-0.6269	-1
-0.5046	-1
0.4588	0
0.5093	1
0.7096	1
0.2023	0
0.2263	0
0.3818	0
0.4588	0
0.3382	0
0.6808	1
0.0	0
0.2263	0
0.4588	0
0.5267	1
0.4588	0
0.2263	0
0.4588	0
0.2263	0
0.1516	0
0.4588	0
0.5719	1
0.4588	0
0.765	1
0.4588	0
-0.4939	0
0.4588	0
0.4404	0
0.0772	0
0.6597	1
0.2732	0
0.3818	0
0.4588	0
0.743	1
0.8316	1
0.2263	0
0.1729	0
-0.6908	-1
-0.092	0
0.4588	0
-0.0772	0
0.4939	0
0.4641	0
0.4588	0
0.2263	0
-0.3804	0
0.4588	0
0.7184	1
0.836	1
0.7717	1
0.4588	0
0.3164	0
0.8074	1
0.4588	0
0.8442	1
0.6597	1
0.1516	0
0.3612	0
-0.0516	0
0.7096	1
0.6908	1
0.6808	1
0.4404	0
0.4939	0
0.2263	0
0.2732	0
-0.6705	-1
0.296	0
0.1027	0
-0.4939	0
0.7096	1
0.25	0
0.7003	1
0.4588	0
0.5093	1
0.1516	0
0.2942	0
0.4588	0
0.7184	1
0.6705	1
0.4588	0
-0.6428	-1
-0.34	0
0.7351	1
0.4588	0
0.4588	0
-0.3597	0
0.6369	1
0.6597	1
0.2732	0
0.4939	0
0.4588	0
0.6808	1
-0.34	0
0.7351	1
0.7351	1
0.8316	1
0.4588	0
0.5093	1
0.4588	0
0.2263	0
0.4137	0
0.25	0
0.4588	0
0.2023	0
0.802	1
0.4588	0
-0.128	0
0.6326	1
0.0772	0
0.6908	1
0.4966	0
0.7088	1
0.2263	0
0.4588	0
-0.4939	0
0.4019	0
0.2263	0
0.5719	1
0.1516	0
0.5766	1
0.25	0
0.6249	1
0.4588	0
-0.296	0
0.6124	1
0.2509	0
0.6486	1
-0.4939	0
0.4953	0
0.6486	1
0.1496	0
0.296	0
0.4588	0
-0.0516	0
-0.4939	0
0.4767	0
0.3818	0
0.689	1
0.8316	1
0.4588	0
0.9081	1
0.565	1
0.4588	0
0.4588	0
0.4588	0
0.25	0
0.2023	0
0.7845	1
0.1516	0
0.25	0
0.1027	0
0.7506	1
0.25	0
-0.7213	-1
0.2023	0
0.6239	1
0.8013	1
0.5583	1
0.4588	0
0.25	0
-0.1695	0
0.6808	1
0.4588	0
-0.0516	0
0.4588	0
0.4588	0
0.4588	0
0.555	1
-0.1531	0
0.2263	0
0.5574	1
0.2263	0
0.7717	1
0.8122	1
-0.0516	0
0.6249	1
-0.34	0
0.4588	0
0.7964	1
0.4588	0
-0.6652	-1
0.2263	0
0.3612	0
-0.1739	0
0.0	0
0.25	0
-0.0516	0
0.5266	1
0.4588	0
0.2023	0
0.0516	0
0.854	1
0.2263	0
0.0772	0
0.4588	0
0.0	0
0.1531	0
0.6249	1
0.4588	0
0.4767	0
0.4588	0
0.6808	1
0.4588	0
0.0258	0
0.4588	0
0.4588	0
0.2716	0
0.4203	0
0.86	1
0.7424	1
0.743	1
0.4939	0
0.2023	0
-0.5346	-1
0.4215	0
0.3818	0
0.8442	1
0.8227	1
0.4215	0
0.2023	0
0.4588	0
0.7096	1
0.4019	0
0.7717	1
0.1516	0
0.4588	0
0.7639	1
0.6249	1
0.2406	0
0.4588	0
0.4588	0
0.0258	0
0.8402	1
0.4588	0
-0.4019	0
0.4588	0
0.7003	1
0.5859	1
0.4588	0
0.8074	1
0.4588	0
0.4588	0
0.4588	0
0.6879	1
-0.5106	-1
0.4588	0
0.4588	0
0.7096	1
-0.1531	0
-0.7783	-1
0.0772	0
-0.9022	-1
0.4588	0
0.5106	1
0.1516	0
0.4588	0
0.6486	1
0.7783	1
0.5267	1
-0.3612	0
-0.2023	0
0.7096	1
0.7345	1
0.8689	1
0.4091	0
0.4588	0
0.5106	1
0.0772	0
0.4588	0
0.1027	0
0.507	1
0.0772	0
0.8545	1
-0.1531	0
0.0	0
0.4588	0
0.4588	0
0.4588	0
0.4588	0
0.0516	0
0.0	0
0.4588	0
0.4588	0
0.7184	1
0.4588	0
-0.0516	0
0.5577	1
0.9001	1
0.4588	0
0.6597	1
0.4497	0
0.4019	0
0.2023	0
0.4588	0
0.7184	1
0.6486	1
0.3365	0
0.4588	0
-0.2462	0
0.4588	0
-0.1531	0
0.4588	0
0.2263	0
0.6908	1
0.4588	0
0.7424	1
0.5267	1
0.6249	1
0.4588	0
0.2023	0
0.7184	1
0.6486	1
0.0258	0
0.4588	0
0.4588	0
0.9041	1
0.128	0
-0.1759	0
0.4588	0
0.5423	1
0.2263	0
0.0516	0
-0.6224	-1
